,pile_sparsity,bio_sparsity
0,0.024022713,0.0061791493
1,0.05437164,0.030380817
2,0.04858083,0.022380203
3,0.2389661,0.38872537
4,0.085967496,0.06828575
5,0.06097965,0.0113976095
6,0.05644281,0.08301887
7,0.28544053,0.34575567
8,0.05456185,0.05012489
9,0.02880612,0.027567921
10,0.0139909405,0.007401145
11,0.040359564,0.018199285
12,0.04457939,0.022372516
13,0.076612025,0.018998578
14,0.16497475,0.2368059
15,0.12434043,0.08935941
16,0.07405476,0.04834185
17,0.1169575,0.10038812
18,0.02556552,0.006133036
19,0.09204714,0.0571725
20,0.039049234,0.008477116
21,0.05394191,0.05279176
22,0.040739983,0.08765323
23,0.14977211,0.10319333
24,0.07112414,0.14124428
25,0.047657963,0.020919956
26,0.07397728,0.04663567
27,0.050912652,0.02897437
28,0.04009891,0.014909888
29,0.054103937,0.040533375
30,0.06507971,0.059900858
31,0.03409675,0.012481267
32,0.17308329,0.21494831
33,0.0820365,0.1159359
34,0.025142834,0.008123583
35,0.0955484,0.085601196
36,0.037309173,0.06999961
37,0.16798286,0.15525496
38,0.034998484,0.13987626
39,0.083593406,0.07581755
40,0.05824627,0.05262268
41,0.045981303,0.039657228
42,0.039373297,0.019375168
43,0.1490817,0.13399684
44,0.070250586,0.031172425
45,0.01123643,0.015824463
46,0.1932032,0.21363409
47,0.024952624,0.03978788
48,0.05616806,0.038496714
49,0.108426265,0.148876
50,0.14772911,0.17253199
51,0.16019134,0.13687891
52,0.03709783,0.05241517
53,0.041620582,0.04588249
54,0.061268482,0.038189296
55,0.056273732,0.04225493
56,0.12210019,0.13026169
57,0.15190667,0.16466203
58,0.091990784,0.07558698
59,0.016886346,0.013342043
60,0.011609804,0.011920225
61,0.23577482,0.40951467
62,0.029841704,0.037205547
63,0.033772692,0.009299465
64,0.1817061,0.20009223
65,0.0348435,0.034185145
66,0.033187974,0.023986474
67,0.0918992,0.116596855
68,0.09644309,0.055112787
69,0.076506354,0.075264186
70,0.04902465,0.08295739
71,0.03540708,0.02742958
72,0.20317157,0.37470698
73,0.06343123,0.018906351
74,0.1019662,0.15171963
75,0.09539342,0.087607116
76,0.10922937,0.0641202
77,0.067284726,0.06262153
78,0.08644654,0.07282788
79,0.06484723,0.09205703
80,0.07917632,0.08387196
81,0.052025728,0.032417476
82,0.057083882,0.07236675
83,0.027615553,0.03755908
84,0.083360925,0.048849095
85,0.047763634,0.027268186
86,0.047827035,0.03869654
87,0.009573861,0.0041271183
88,0.0488908,0.06438151
89,0.10259318,0.0886754
90,0.13727465,0.11960958
91,0.018640498,0.0099911615
92,0.08043734,0.08713061
93,0.034808274,0.039541945
94,0.0678624,0.019874725
95,0.086347915,0.09449333
96,0.06500222,0.109818235
97,0.08331161,0.07240518
98,0.067045204,0.05864812
99,0.06460067,0.1823387
100,0.08355113,0.17351574
101,0.07358981,0.045528956
102,0.06170526,0.04740422
103,0.054146208,0.037128694
104,0.055646747,0.055281866
105,0.2125693,0.10450755
106,0.065291055,0.025231525
107,0.025199192,0.006071552
108,0.041831926,0.06356684
109,0.062536545,0.052407485
110,0.20665874,0.31913307
111,0.021951547,0.004334627
112,0.042642076,0.0968451
113,0.085495494,0.052061636
114,0.03235669,0.020712446
115,0.15247025,0.12687238
116,0.018119184,0.014387273
117,0.0913004,0.063367024
118,0.22646162,0.20215963
119,0.033068214,0.005741075
120,0.025163967,0.02274142
121,0.040817477,0.010313953
122,0.017069511,0.004726588
123,0.06624915,0.088022135
124,0.04560793,0.07142144
125,0.022416502,0.023356263
126,0.06648867,0.121753834
127,0.08302277,0.084409945
128,0.091744214,0.10808131
129,0.053702384,0.023809707
130,0.044036943,0.015125082
131,0.054420955,0.09702955
132,0.08964487,0.11320755
133,0.019711304,0.012096991
134,0.048637185,0.04415325
135,0.07075781,0.09330977
136,0.09124404,0.058502093
137,0.045629065,0.026330553
138,0.027383074,0.020405026
139,0.10435438,0.09370173
140,0.072758526,0.061630096
141,0.03728804,0.023402374
142,0.04216303,0.037697423
143,0.05630191,0.09890482
144,0.048411753,0.054636285
145,0.02765782,0.021350345
146,0.18987101,0.25183108
147,0.2164369,0.38204664
148,0.21246363,0.17571379
149,0.05456185,0.038012527
150,0.18234718,0.121407986
151,0.039176043,0.054428775
152,0.14632016,0.12862468
153,0.08581251,0.10499174
154,0.08808093,0.11005649
155,0.032363735,0.022357145
156,0.017217452,0.03927295
157,0.030179853,0.023786651
158,0.09475938,0.20695539
159,0.045051392,0.046643354
160,0.039049234,0.026084617
161,0.10788382,0.1596434
162,0.005769678,0.0045344504
163,0.034575798,0.039434347
164,0.08637609,0.13668677
165,0.10197324,0.1230988
166,0.10661576,0.14502555
167,0.10686232,0.17639011
168,0.073005095,0.068523996
169,0.00602329,0.0031433732
170,0.07996534,0.07082965
171,0.04503026,0.04981747
172,0.030440511,0.023363948
173,0.09070159,0.081266575
174,0.2070955,0.2083311
175,0.09106792,0.085163124
176,0.03404744,0.031118626
177,0.022007905,0.004019521
178,0.0808248,0.059408985
179,0.017879661,0.010083388
180,0.08097979,0.07834608
181,0.06039493,0.096015066
182,0.056555524,0.060915343
183,0.15540794,0.07400376
184,0.028947016,0.037520654
185,0.1929989,0.16174154
186,0.15051885,0.31469855
187,0.05973272,0.05678054
188,0.051067635,0.02197287
189,0.2442356,0.695431
190,0.10484751,0.092026286
191,0.020415783,0.010744342
192,0.021690888,0.02325635
193,0.14056458,0.15938976
194,0.026291132,0.056288667
195,0.05061677,0.02809822
196,0.0597609,0.026246013
197,0.004170512,0.0013987627
198,0.10660167,0.07359643
199,0.039662134,0.024801137
200,0.031018183,0.025846366
201,0.051243756,0.028052108
202,0.039655086,0.014264304
203,0.027270358,0.019106176
204,0.04445963,0.019774815
205,0.31407055,0.27145985
206,0.13053983,0.08065173
207,0.038182728,0.042231873
208,0.011828192,0.008561657
209,0.17454156,0.2226492
210,0.08383293,0.1060216
211,0.022641934,0.011359182
212,0.06055696,0.10859624
213,0.15369605,0.10615225
214,0.023261875,0.015363333
215,0.07722492,0.096391656
216,0.066763416,0.053967644
217,0.28111506,0.4539984
218,0.040972464,0.101502515
219,0.13082868,0.1436729
220,0.10099402,0.05096261
221,0.023381637,0.007185951
222,0.11145552,0.1077662
223,0.03692171,0.021773048
224,0.03892243,0.02074319
225,0.027911432,0.022595396
226,0.16551015,0.07157514
227,0.13602069,0.13192944
228,0.058225136,0.05262268
229,0.076633155,0.059508897
230,0.031652212,0.03194866
231,0.058894392,0.023663683
232,0.123255536,0.09723706
233,0.25337973,0.26893133
234,0.057090927,0.061253507
235,0.09250505,0.14029896
236,0.010243116,0.002705299
237,0.032814603,0.028444069
238,0.3532325,0.28270376
239,0.079352446,0.077362336
240,0.021218888,0.00973754
241,0.022113577,0.009407063
242,0.07470289,0.0887292
243,0.088855855,0.12349076
244,0.08492487,0.10695923
245,0.07449859,0.039611112
246,0.031180212,0.010083388
247,0.021542948,0.030603698
248,0.24503872,0.30694386
249,0.072004735,0.06920032
250,0.12021923,0.12823272
251,0.06923614,0.08115897
252,0.012694701,0.0025285324
253,0.088348635,0.08298813
254,0.11325899,0.14610921
255,0.13258988,0.07800023
256,0.046706915,0.010682858
257,0.054428,0.060054567
258,0.14212146,0.23419283
259,0.11751404,0.0829497
260,0.0820506,0.07180571
261,0.089222185,0.08060562
262,0.18951173,0.24618222
263,0.06867255,0.03578373
264,0.046721004,0.04963302
265,0.13449901,0.042208817
266,0.014047299,0.011851055
267,0.030870242,0.012604235
268,0.05895075,0.011835684
269,0.13458355,0.13957652
270,0.112533376,0.10091073
271,0.05230752,0.059970025
272,0.06166299,0.02989663
273,0.05592149,0.06435077
274,0.041197896,0.05262268
275,0.12623549,0.1310533
276,0.02672791,0.010921109
277,0.05110286,0.034523305
278,0.100331806,0.074887596
279,0.07115936,0.030772777
280,0.05997929,0.080851555
281,0.09395628,0.071014106
282,0.0891306,0.03509972
283,0.0069109327,0.0008530915
284,0.15156148,0.08869077
285,0.07274444,0.17041847
286,0.060444243,0.045774892
287,0.051842563,0.024462976
288,0.12682724,0.11479845
289,0.11975428,0.11235446
290,0.09215282,0.09457787
291,0.27562717,0.2671406
292,0.14442511,0.09969642
293,0.0948087,0.09128848
294,0.043642435,0.024432233
295,0.08692559,0.11957883
296,0.07760534,0.09802867
297,0.04537545,0.07193636
298,0.04475551,0.05482842
299,0.0865663,0.106997654
300,0.028925883,0.058271527
301,0.11234316,0.16284825
302,0.068017386,0.061876033
303,0.15868375,0.3252123
304,0.14314295,0.16262537
305,0.2165637,0.30075702
306,0.12617208,0.1668524
307,0.06858801,0.061530184
308,0.024853997,0.013833916
309,0.10021909,0.20647888
310,0.05020113,0.04993275
311,0.024241101,0.015732236
312,0.057901077,0.057748914
313,0.14741914,0.09925835
314,0.024191787,0.030373132
315,0.18814504,0.14279675
316,0.03997915,0.026499635
317,0.06898957,0.079706416
318,0.087615974,0.07905315
319,0.005671051,0.002582331
320,0.009461145,0.019505821
321,0.014787001,0.007931446
322,0.021733157,0.03027322
323,0.11525266,0.061045997
324,0.09201192,0.09849748
325,0.046263095,0.031203166
326,0.09003938,0.1665911
327,0.09040571,0.13579527
328,0.20718709,0.24449141
329,0.014857449,0.015347961
330,0.100190915,0.13865426
331,0.01580145,0.010014218
332,0.10700322,0.09802098
333,0.025051251,0.008646198
334,0.06688318,0.04646659
335,0.033836097,0.01510971
336,0.026960388,0.047788493
337,0.0975139,0.088075936
338,0.018154407,0.006386658
339,0.1284405,0.111447565
340,0.034730785,0.012604235
341,0.17988855,0.18513623
342,0.012786282,0.011789571
343,0.058351945,0.061322678
344,0.005896484,0.0018906352
345,0.05211731,0.057971794
346,0.066664785,0.05508204
347,0.10858829,0.07310456
348,0.11001134,0.1255351
349,0.0899478,0.12156938
350,0.024212921,0.024655113
351,0.16715159,0.23989548
352,0.16184686,0.16347077
353,0.11137803,0.20694001
354,0.609564,0.61226606
355,0.05550585,0.0839565
356,0.051920056,0.057287782
357,0.28105164,0.44160935
358,0.072871245,0.04692003
359,0.056090567,0.05147754
360,0.13621794,0.21464857
361,0.044938676,0.011336125
362,0.09378721,0.07118318
363,0.009771115,0.0046189907
364,0.035421174,0.043031164
365,0.042606853,0.04714291
366,0.04426942,0.02055105
367,0.054125074,0.007746993
368,0.0852912,0.188441
369,0.021465456,0.010321639
370,0.03857019,0.045997772
371,0.07904247,0.06622603
372,0.13906403,0.18405257
373,0.04631945,0.009576145
374,0.06364962,0.087522574
375,0.036210187,0.050232485
376,0.07389978,0.04529839
377,0.061388247,0.06254467
378,0.02992624,0.026161473
379,0.033018902,0.025392922
380,0.083593406,0.11363794
381,0.06779195,0.033347424
382,0.060014512,0.10181762
383,0.018217811,0.0022672252
384,0.0898069,0.10192522
385,0.029855793,0.05496676
386,0.0723147,0.069354035
387,0.060754213,0.12793298
388,0.11947953,0.10173308
389,0.03961282,0.03405449
390,0.071004376,0.28059793
391,0.10097993,0.10217115
392,0.020768022,0.019551935
393,0.03330774,0.028159704
394,0.05681618,0.06397418
395,0.12257924,0.09067363
396,0.11349851,0.18036352
397,0.055097252,0.04495254
398,0.0753651,0.029612266
399,0.06670706,0.031718094
400,0.050912652,0.040172156
401,0.042902734,0.03357799
402,0.04939098,0.07853822
403,0.076140024,0.10974138
404,0.05549176,0.10855781
405,0.01793602,0.019482765
406,0.33349302,0.28208894
407,0.024691967,0.0023594513
408,0.027263314,0.024770396
409,0.2687444,0.2700611
410,0.08357227,0.06848557
411,0.13300551,0.2243938
412,0.11900049,0.058125503
413,0.10023318,0.108634666
414,0.043846734,0.024370749
415,0.073526405,0.08391807
416,0.05993702,0.057103332
417,0.0170836,0.0111901015
418,0.08469944,0.06312109
419,0.051638264,0.042946626
420,0.027728269,0.051831074
421,0.049017604,0.023640625
422,0.018887065,0.015809093
423,0.045192286,0.018675787
424,0.3400376,0.42526996
425,0.042761836,0.021611651
426,0.044572346,0.051592823
427,0.08206469,0.07712408
428,0.1059465,0.20922261
429,0.110314265,0.20135266
430,0.08498827,0.06550359
431,0.14699645,0.10691311
432,0.09902853,0.0790224
433,0.055421315,0.014256619
434,0.2709424,0.22339469
435,0.11252633,0.18310726
436,0.036914665,0.03088806
437,0.030933645,0.023917304
438,0.011468908,0.0033662529
439,0.012624253,0.009829766
440,0.063269205,0.044368442
441,0.09647831,0.06368981
442,0.100557245,0.08866003
443,0.021021634,0.018967835
444,0.159036,0.102309495
445,0.25469005,0.2986358
446,0.03225102,0.030849634
447,0.045333184,0.07471083
448,0.003550571,0.0014064482
449,0.090574786,0.085601196
450,0.02764373,0.03343965
451,0.11038472,0.06584944
452,0.114055045,0.1624025
453,0.020880738,0.005825616
454,0.20046636,0.17919533
455,0.029743077,0.023202552
456,0.046805542,0.19194558
457,0.029905107,0.086608
458,0.09037753,0.06333628
459,0.030024868,0.040925335
460,0.23516193,0.3583522
461,0.109299816,0.139907
462,0.03454762,0.053744763
463,0.028897703,0.044207048
464,0.16388986,0.08178919
465,0.10314972,0.10444607
466,0.36096063,0.3848365
467,0.055970807,0.017630558
468,0.15091336,0.07537179
469,0.057055704,0.06184529
470,0.08269872,0.07559466
471,0.10665803,0.13350497
472,0.182002,0.22971217
473,0.1896808,0.14321946
474,0.036062248,0.032863237
475,0.052194804,0.047780808
476,0.089595556,0.08935173
477,0.069412254,0.09568459
478,0.045023214,0.044552896
479,0.02999669,0.023363948
480,0.069017746,0.12616532
481,0.07268103,0.01131307
482,0.06723542,0.057925683
483,0.09278685,0.12146947
484,0.032194663,0.0134650115
485,0.054653432,0.046174537
486,0.07480151,0.106313646
487,0.059549555,0.061045997
488,0.054188475,0.036037352
489,0.09628106,0.038512085
490,0.054540716,0.018437536
491,0.052363876,0.084894136
492,0.15995182,0.20075318
493,0.17207588,0.15858279
494,0.021366829,0.02356377
495,0.098105654,0.14813818
496,0.10997612,0.13350497
497,0.039415564,0.065757215
498,0.09742232,0.065004036
499,0.37138692,0.5036314
500,0.05322334,0.07110633
501,0.054230746,0.0888906
502,0.075660974,0.041478693
503,0.057527702,0.034039117
504,0.04918668,0.03559159
505,0.115400605,0.17765054
506,0.028200269,0.037436113
507,0.022930771,0.01598586
508,0.034660336,0.030926488
509,0.06536855,0.055435576
510,0.09266004,0.07079891
511,0.02588958,0.04552127
512,0.02229674,0.013003881
513,0.043438137,0.007447258
514,0.023938175,0.03395458
515,0.045319095,0.09507743
516,0.02846797,0.013626408
517,0.088841766,0.0686316
518,0.021564083,0.0077085653
519,0.008214218,0.005041694
520,0.08538982,0.10857318
521,0.01415297,0.010091073
522,0.13165292,0.08170465
523,0.08114182,0.10499174
524,0.07019422,0.11476002
525,0.05497749,0.03539177
526,0.025100565,0.023317834
527,0.030820929,0.03614495
528,0.048869666,0.005410598
529,0.11608394,0.14115205
530,0.105439276,0.019813241
531,0.042867508,0.040894594
532,0.029524688,0.019452022
533,0.04852447,0.037866503
534,0.04995456,0.05111632
535,0.075266466,0.19744842
536,0.024325639,0.009468547
537,0.11213887,0.11950198
538,0.07575256,0.06921569
539,0.06295219,0.0626369
540,0.030637763,0.035053607
541,0.04803838,0.04290051
542,0.13615453,0.16294816
543,0.06786945,0.09141913
544,0.11894413,0.082258
545,0.06957428,0.02334089
546,0.13643633,0.16403951
547,0.1661653,0.14193597
548,0.059704542,0.06319025
549,0.05257522,0.032163855
550,0.04553044,0.052084696
551,0.072652854,0.054920647
552,0.06658025,0.104276985
553,0.07877477,0.11353034
554,0.1696243,0.11410675
555,0.1119557,0.10366983
556,0.058866214,0.030972602
557,0.025269639,0.028505553
558,0.16168483,0.21239673
559,0.05306131,0.03126465
560,0.07236402,0.021480998
561,0.05180734,0.024755025
562,0.06411458,0.038020212
563,0.025473937,0.011359182
564,0.12888432,0.17012642
565,0.075632796,0.15143527
566,0.082593046,0.07535642
567,0.14918739,0.111808784
568,0.06505153,0.095953576
569,0.022092441,0.0037044154
570,0.1268836,0.13887715
571,0.07554826,0.06308266
572,0.02251513,0.013710948
573,0.084847376,0.03609115
574,0.074371785,0.06189909
575,0.0359918,0.01569381
576,0.017294943,0.006133036
577,0.042571627,0.02287976
578,0.021021634,0.016915806
579,0.108856,0.11881797
580,0.04967277,0.05927833
581,0.014920852,0.010429236
582,0.023085756,0.022080468
583,0.07193428,0.11422972
584,0.03468147,0.03847366
585,0.078267545,0.08413327
586,0.060239945,0.028866772
587,0.041486733,0.032917034
588,0.05809833,0.09246436
589,0.1576059,0.0889444
590,0.06486837,0.056450065
591,0.13769029,0.21628559
592,0.030038958,0.02233409
593,0.10216346,0.08857549
594,0.06560807,0.039987702
595,0.048397664,0.07302771
596,0.018457333,0.0048956694
597,0.023353457,0.03299389
598,0.2588324,0.19950813
599,0.11561195,0.10681321
600,0.09031413,0.10179456
601,0.106939815,0.12654191
602,0.03678786,0.0459824
603,0.05404758,0.063758984
604,0.08456558,0.06674865
605,0.07482969,0.046950776
606,0.09006052,0.14992891
607,0.010658758,0.0065864814
608,0.017132914,0.015032856
609,0.2300756,0.24682012
610,0.033469766,0.013441955
611,0.060077917,0.06145333
612,0.1760421,0.20713983
613,0.011821147,0.022103524
614,0.20011413,0.15785266
615,0.04621378,0.077185564
616,0.02522737,0.010813511
617,0.07697131,0.05498213
618,0.05299086,0.062475502
619,0.0955484,0.10576029
620,0.028284807,0.013787803
621,0.03989461,0.052807134
622,0.07644999,0.07298928
623,0.04176852,0.052907042
624,0.012131117,0.01185874
625,0.012955357,0.008308035
626,0.10634101,0.14783077
627,0.07783782,0.046435844
628,0.057450213,0.0691081
629,0.047622737,0.027836913
630,0.014850404,0.0019521193
631,0.07032808,0.08371825
632,0.21045586,0.22877455
633,0.026734954,0.013941513
634,0.007622456,0.0022211121
635,0.015907122,0.011528264
636,0.018837752,0.01223533
637,0.13353388,0.116996504
638,0.08280439,0.04549053
639,0.07741513,0.05755678
640,0.10813743,0.14839181
641,0.06248723,0.05661146
642,0.1266652,0.2878223
643,0.032025587,0.026015447
644,0.061486874,0.09368636
645,0.018978648,0.009460862
646,0.030215077,0.017461477
647,0.103065185,0.09814395
648,0.12055738,0.11479845
649,0.03933807,0.037997156
650,0.16760245,0.14937556
651,0.03815455,0.011343812
652,0.1490817,0.20496483
653,0.01547739,0.0058486722
654,0.104051456,0.087537944
655,0.11974724,0.12008608
656,0.0979225,0.054889906
657,0.0064107534,0.002974292
658,0.010856012,0.009176497
659,0.15278022,0.23624486
660,0.06464998,0.020235945
661,0.028158,0.029735234
662,0.19196332,0.35055143
663,0.057485435,0.06365138
664,0.007883113,0.0032586558
665,0.0061571407,0.0039196094
666,0.114900425,0.13898474
667,0.105312474,0.07747762
668,0.10577743,0.03556085
669,0.049862977,0.029819775
670,0.068743,0.0626907
671,0.031462003,0.007401145
672,0.021979725,0.010675172
673,0.07817596,0.054152098
674,0.1941472,0.1759213
675,0.06839076,0.025469776
676,0.05659779,0.0117280865
677,0.039119683,0.033040002
678,0.09011687,0.14657803
679,0.0061289617,0.0099604195
680,0.06112759,0.044345386
681,0.14971574,0.22336395
682,0.034230605,0.015786035
683,0.18479876,0.17308535
684,0.028193224,0.023917304
685,0.19410492,0.21465626
686,0.07032808,0.05801022
687,0.036555383,0.06917727
688,0.16284722,0.14686239
689,0.13745077,0.17905699
690,0.056879584,0.02447066
691,0.027693044,0.039557315
692,0.03874631,0.043999538
693,0.07480856,0.07030704
694,0.13390724,0.17054912
695,0.1510472,0.08377973
696,0.087615974,0.058694232
697,0.02933448,0.015670752
698,0.015864853,0.008039042
699,0.13239262,0.15602352
700,0.029651495,0.016423933
701,0.11509063,0.08699228
702,0.10596763,0.11058679
703,0.01709769,0.010175614
704,0.054068714,0.052138492
705,0.029714897,0.032417476
706,0.16036041,0.33472696
707,0.015223778,0.017023403
708,0.021874053,0.024047958
709,0.06722837,0.092848636
710,0.082874835,0.12422088
711,0.08851771,0.13385083
712,0.08040211,0.1128079
713,0.03534368,0.03073435
714,0.0359918,0.016185682
715,0.11821147,0.15418668
716,0.11499201,0.15217307
717,0.037943207,0.031618185
718,0.12130413,0.111078665
719,0.035040755,0.012588863
720,0.07932427,0.09098106
721,0.0823817,0.1690735
722,0.09236416,0.05309918
723,0.009813383,0.0047035315
724,0.03419538,0.019774815
725,0.08815138,0.09765208
726,0.14170583,0.1314299
727,0.13231513,0.044983283
728,0.025988206,0.010483034
729,0.11290675,0.08227337
730,0.06958133,0.07149061
731,0.030158719,0.029204935
732,0.016766585,0.016039656
733,0.06507267,0.12085463
734,0.06364962,0.04426853
735,0.17461202,0.21537101
736,0.029271076,0.038819507
737,0.094216935,0.09569227
738,0.09684464,0.17223994
739,0.065537624,0.040279754
740,0.060204722,0.020866157
741,0.18788438,0.11054836
742,0.0081015015,0.005010952
743,0.07791531,0.060331244
744,0.045333184,0.008999731
745,0.08306505,0.03482304
746,0.11082149,0.044176307
747,0.030102361,0.02303347
748,0.13555573,0.0886754
749,0.091969654,0.05395996
750,0.10987749,0.1379472
751,0.014920852,0.0051108636
752,0.07687268,0.09506206
753,0.015266046,0.009537716
754,0.077626474,0.04870307
755,0.04208554,0.05498213
756,0.04787635,0.015086655
757,0.02247286,0.02181916
758,0.021648621,0.033708643
759,0.14223418,0.07429582
760,0.029348569,0.015839834
761,0.08844022,0.023778964
762,0.027326716,0.075264186
763,0.011130759,0.003727472
764,0.027967792,0.020013066
765,0.03615383,0.050562963
766,0.16797583,0.12972371
767,0.036210187,0.025546633
768,0.07329393,0.035376396
769,0.04120494,0.06794758
770,0.11934568,0.15183492
771,0.059605915,0.045029398
772,0.020479186,0.018898666
773,0.08708057,0.10170234
774,0.08803162,0.10096453
775,0.16426322,0.273412
776,0.069130465,0.08542443
777,0.11447773,0.24119432
778,0.033279557,0.04723514
779,0.13220945,0.33770126
780,0.050342023,0.047903776
781,0.21288632,0.19826308
782,0.030179853,0.0076009682
783,0.043156344,0.05276102
784,0.079768084,0.039165355
785,0.038640637,0.0877762
786,0.08248033,0.112684935
787,0.09456213,0.062321793
788,0.036414485,0.054528687
789,0.013835955,0.012865542
790,0.050933786,0.092364445
791,0.09579497,0.14005303
792,0.08975759,0.13234447
793,0.024346773,0.020612534
794,0.20470732,0.21412596
795,0.10186757,0.089636095
796,0.021268202,0.009783653
797,0.07156796,0.056995735
798,0.105566084,0.04741959
799,0.09168786,0.10536064
800,0.07239924,0.06623372
801,0.109814085,0.04336164
802,0.04708029,0.046389733
803,0.037985474,0.016885063
804,0.1638828,0.446236
805,0.13704923,0.20209046
806,0.09141311,0.16178764
807,0.18422814,0.19410521
808,0.09522434,0.1639319
809,0.110434026,0.10534527
810,0.06631959,0.06306729
811,0.054921135,0.033662528
812,0.058105376,0.07796949
813,0.06497404,0.068132035
814,0.018760258,0.005387542
815,0.08844726,0.12313723
816,0.09125813,0.074503325
817,0.014455896,0.005149291
818,0.043881956,0.040187526
819,0.08952511,0.07502594
820,0.016696136,0.0048572416
821,0.018295303,0.032455903
822,0.018830707,0.010567575
823,0.0774574,0.060607925
824,0.11386484,0.12983899
825,0.29836068,0.3585751
826,0.08071209,0.0839027
827,0.041881237,0.039226837
828,0.110272,0.1505668
829,0.025114654,0.025377551
830,0.04875695,0.06322868
831,0.06687613,0.121838376
832,0.12523513,0.18460593
833,0.05238501,0.078884065
834,0.022768741,0.02166545
835,0.03473783,0.019006263
836,0.046333544,0.018660415
837,0.025178056,0.021173578
838,0.03347681,0.019298313
839,0.052053906,0.0524536
840,0.09211759,0.13437344
841,0.07969764,0.09169581
842,0.0457136,0.06036199
843,0.04304363,0.017692043
844,0.042881597,0.09331745
845,0.046481483,0.020973753
846,0.034230605,0.051147062
847,0.052568175,0.04358452
848,0.12746832,0.16606848
849,0.16802514,0.1964493
850,0.080733225,0.06712524
851,0.030313704,0.02197287
852,0.3897245,0.5699881
853,0.124636315,0.18638897
854,0.10089539,0.25888637
855,0.13273077,0.09282558
856,0.021070948,0.014763863
857,0.034139022,0.031011028
858,0.033096395,0.019705646
859,0.08061346,0.14442608
860,0.046798497,0.08504016
861,0.06834145,0.10971064
862,0.07858456,0.038458288
863,0.038795624,0.07172117
864,0.024938535,0.023832763
865,0.019986052,0.007524113
866,0.06909524,0.12725666
867,0.04312112,0.039365176
868,0.09768297,0.14809208
869,0.06683386,0.09447796
870,0.03366702,0.018529762
871,0.02964445,0.044360757
872,0.06555171,0.0389809
873,0.13467513,0.11001806
874,0.017837392,0.004057949
875,0.08817956,0.11526726
876,0.09689395,0.086023904
877,0.037689593,0.043323215
878,0.03959873,0.021119779
879,0.03206081,0.016800523
880,0.06506562,0.06270607
881,0.07220903,0.048610844
882,0.07907065,0.13361257
883,0.05176507,0.0411021
884,0.016970884,0.02551589
885,0.17900795,0.14285055
886,0.11370281,0.14977519
887,0.05859851,0.0459286
888,0.15064566,0.15851362
889,0.07956379,0.03931138
890,0.09941599,0.08394113
891,0.17323123,0.117434576
892,0.026234774,0.013949199
893,0.10887009,0.09802098
894,0.065403774,0.04270069
895,0.06400891,0.019843984
896,0.059521377,0.039003957
897,0.1670459,0.30427697
898,0.03144087,0.033086117
899,0.028897703,0.028052108
900,0.01665387,0.013357415
901,0.16645415,0.19139992
902,0.08602385,0.080459595
903,0.042480044,0.010567575
904,0.15332972,0.14954463
905,0.10198029,0.11596665
906,0.0944001,0.109802864
907,0.14469281,0.19499673
908,0.06601667,0.076040424
909,0.05947911,0.0862391
910,0.053596713,0.050555278
911,0.03534368,0.039810937
912,0.069384076,0.059908543
913,0.017865572,0.0033201398
914,0.059901796,0.02808285
915,0.10596059,0.06777082
916,0.078901574,0.05703416
917,0.065389685,0.065365255
918,0.16241749,0.17527571
919,0.023924086,0.017538331
920,0.054068714,0.05336049
921,0.1353937,0.10572955
922,0.1582047,0.28341082
923,0.07606957,0.08387964
924,0.04202918,0.015032856
925,0.070518285,0.13441187
926,0.12816575,0.10934173
927,0.077901214,0.052907042
928,0.09689395,0.04098682
929,0.023156203,0.023848135
930,0.05144101,0.053798564
931,0.07597095,0.055235755
932,0.04689008,0.05541252
933,0.05045474,0.014533297
934,0.07985967,0.09017408
935,0.07943698,0.05907082
936,0.17845847,0.17287016
937,0.08370612,0.051377628
938,0.03673855,0.007232064
939,0.08629156,0.037213236
940,0.1254042,0.058379125
941,0.06294514,0.02799831
942,0.04512184,0.017177112
943,0.028559553,0.021058295
944,0.019049095,0.026238328
945,0.04961641,0.027514122
946,0.075999126,0.03511509
947,0.15703528,0.1687584
948,0.0617898,0.052960843
949,0.11782401,0.07993698
950,0.02999669,0.021112094
951,0.028756807,0.01307305
952,0.14207216,0.23448488
953,0.1611776,0.20061484
954,0.07904247,0.052922416
955,0.0318072,0.018230027
956,0.052300476,0.041632403
957,0.08291006,0.15612343
958,0.10001479,0.06390501
959,0.27338693,0.26769397
960,0.054484356,0.029804403
961,0.13945854,0.19158436
962,0.050609726,0.040840793
963,0.092829116,0.12278369
964,0.044332825,0.051147062
965,0.03542822,0.013265189
966,0.10024727,0.06461976
967,0.053110626,0.027844599
968,0.07494241,0.04435307
969,0.12031081,0.1408139
970,0.09692918,0.048895206
971,0.049799576,0.06481958
972,0.12059261,0.12433616
973,0.10174076,0.07375783
974,0.012243834,0.0028282674
975,0.02911609,0.01848365
976,0.056273732,0.056980364
977,0.14628494,0.15322599
978,0.032349646,0.020351227
979,0.24055822,0.20616378
980,0.15330154,0.097944126
981,0.1397826,0.1568843
982,0.059711587,0.029942743
983,0.06813715,0.07379626
984,0.101832345,0.06752488
985,0.038182728,0.014125966
986,0.06399482,0.057887252
987,0.044494852,0.017046459
988,0.09452691,0.031464472
989,0.13328731,0.17424586
990,0.046382856,0.019982323
991,0.19897287,0.3293087
992,0.2568669,0.23260961
993,0.031919915,0.036852017
994,0.0326878,0.034400336
995,0.022085397,0.005072436
996,0.16098739,0.101056755
997,0.13142748,0.12965454
998,0.0471296,0.021496369
999,0.046368767,0.051485226
1000,0.15816244,0.12106214
1001,0.11806353,0.11685816
1002,0.08061346,0.09772893
1003,0.028108686,0.0267302
1004,0.08491078,0.06481958
1005,0.07084235,0.11531337
1006,0.017041331,0.006056181
1007,0.09144129,0.10162549
1008,0.051877785,0.015909003
1009,0.05447731,0.02371748
1010,0.075632796,0.07233601
1011,0.08564343,0.062283363
1012,0.079606056,0.08429466
1013,0.14483371,0.121285014
1014,0.11401278,0.15339507
1015,0.06397368,0.0261461
1016,0.12910976,0.07235907
1017,0.045551572,0.0369673
1018,0.02752397,0.007109096
1019,0.05132125,0.045890175
1020,0.09974005,0.08294202
1021,0.029038599,0.032332934
1022,0.007354754,0.0026207585
1023,0.038189773,0.026830113
1024,0.07759125,0.08747646
1025,0.04433987,0.03754371
1026,0.12369231,0.13014641
1027,0.071765214,0.040909965
1028,0.05101128,0.061929833
1029,0.018224856,0.004165546
1030,0.07990898,0.05859432
1031,0.048425842,0.041478693
1032,0.05615397,0.01305768
1033,0.027115373,0.00528763
1034,0.08534051,0.04854936
1035,0.06405117,0.06936172
1036,0.19747233,0.24881066
1037,0.048003156,0.02075856
1038,0.057520658,0.09223379
1039,0.17082895,0.18717289
1040,0.038210906,0.030265534
1041,0.11848622,0.13926911
1042,0.10536178,0.055251125
1043,0.11077218,0.17415363
1044,0.049123276,0.028897515
1045,0.01008813,0.0050647506
1046,0.1740132,0.15283403
1047,0.15461187,0.09423971
1048,0.080254175,0.09020482
1049,0.14215669,0.23639858
1050,0.041698076,0.020681705
1051,0.0454459,0.057064906
1052,0.14730643,0.16805902
1053,0.07363208,0.05024786
1054,0.07108891,0.06182992
1055,0.053963043,0.044230103
1056,0.03623837,0.029558467
1057,0.237691,0.20263612
1058,0.043381777,0.0347385
1059,0.07060282,0.08962072
1060,0.08580547,0.07889175
1061,0.026854716,0.011889482
1062,0.014892673,0.0023440802
1063,0.024381997,0.012250701
1064,0.09036344,0.09091189
1065,0.035555024,0.045874804
1066,0.072765574,0.04379203
1067,0.13299143,0.21910618
1068,0.06832736,0.111055605
1069,0.06299446,0.08551666
1070,0.060810573,0.04273143
1071,0.08254373,0.06301349
1072,0.061106455,0.03612958
1073,0.042818196,0.05895554
1074,0.10428394,0.08699228
1075,0.03680195,0.008423318
1076,0.020281931,0.005656535
1077,0.04379742,0.046182223
1078,0.04786226,0.020820044
1079,0.036928754,0.021104408
1080,0.029883973,0.011197787
1081,0.053758744,0.027268186
1082,0.13158247,0.0818891
1083,0.049757306,0.05226146
1084,0.080634594,0.06123045
1085,0.036618784,0.016024286
1086,0.071025506,0.0114283515
1087,0.0493628,0.050355453
1088,0.059091646,0.04091765
1089,0.095456816,0.055358723
1090,0.1555277,0.107120626
1091,0.045157064,0.033585675
1092,0.028883614,0.028213503
1093,0.0417333,0.062352534
1094,0.05819696,0.07827691
1095,0.11097648,0.09904315
1096,0.029285166,0.029473927
1097,0.009728846,0.003427737
1098,0.042860463,0.0657111
1099,0.09591473,0.12354456
1100,0.05551994,0.06598009
1101,0.030046003,0.031725783
1102,0.011652072,0.0045344504
1103,0.08667902,0.12795603
1104,0.023001218,0.010106444
1105,0.09167377,0.08866003
1106,0.055019762,0.042485494
1107,0.045305002,0.04635899
1108,0.025248505,0.01131307
1109,0.052004594,0.0609922
1110,0.04948256,0.02007455
1111,0.11072991,0.112439
1112,0.029249942,0.013833916
1113,0.024515847,0.0140644815
1114,0.026481342,0.007454944
1115,0.035456397,0.018867925
1116,0.10781337,0.09144218
1117,0.0074674706,0.005802559
1118,0.05504794,0.015063598
1119,0.051088773,0.063320905
1120,0.08094457,0.036460053
1121,0.09155401,0.22202668
1122,0.0061571407,0.004088691
1123,0.11902162,0.10361603
1124,0.06107123,0.05524344
1125,0.055160657,0.05419821
1126,0.03469556,0.010936479
1127,0.06629846,0.04077931
1128,0.019669035,0.018406793
1129,0.020648262,0.01735388
1130,0.06520652,0.07336587
1131,0.3546344,0.3384237
1132,0.025840266,0.0071628946
1133,0.034970306,0.07474157
1134,0.027171731,0.014248934
1135,0.042775925,0.055058986
1136,0.08654517,0.13377397
1137,0.049327575,0.052768704
1138,0.07344891,0.027629405
1139,0.05673869,0.022679936
1140,0.05747839,0.041178957
1141,0.037647326,0.028113592
1142,0.038401116,0.04330016
1143,0.04097951,0.033570305
1144,0.12229744,0.12650348
1145,0.022740562,0.03359336
1146,0.13489352,0.11390693
1147,0.0927798,0.10059562
1148,0.18858181,0.23273258
1149,0.034766007,0.014763863
1150,0.11447069,0.14657803
1151,0.03864768,0.023978788
1152,0.033230245,0.023041155
1153,0.046735097,0.032655727
1154,0.02968672,0.009545403
1155,0.05712615,0.07222073
1156,0.09208237,0.07361949
1157,0.12851799,0.16200285
1158,0.067327,0.04848019
1159,0.06250837,0.04873381
1160,0.06591804,0.056696
1161,0.028432747,0.0025439034
1162,0.1168166,0.09819006
1163,0.031180212,0.046781693
1164,0.077732146,0.052953158
1165,0.028108686,0.025485149
1166,0.016752496,0.0062406333
1167,0.047291633,0.022872075
1168,0.051349428,0.019728702
1169,0.059324123,0.04954079
1170,0.27348554,0.23667525
1171,0.03487168,0.04574415
1172,0.047855217,0.010974906
1173,0.13442151,0.15892096
1174,0.05369534,0.025692657
1175,0.025424624,0.011167045
1176,0.04077521,0.00816201
1177,0.11298424,0.123775125
1178,0.047798857,0.014556354
1179,0.062050454,0.060277447
1180,0.058795765,0.05541252
1181,0.12225518,0.07461861
1182,0.073258705,0.071283095
1183,0.0072209034,0.00679399
1184,0.06675637,0.03456942
1185,0.06086693,0.018867925
1186,0.26980817,0.28783768
1187,0.028742718,0.008254237
1188,0.07280079,0.08751489
1189,0.0519271,0.091987856
1190,0.05416734,0.030442301
1191,0.010165622,0.005425969
1192,0.07229357,0.03670599
1193,0.09215282,0.11085578
1194,0.040796343,0.005395227
1195,0.07163136,0.13491142
1196,0.094597355,0.094354995
1197,0.058337852,0.107051454
1198,0.05418143,0.034408025
1199,0.064558394,0.093532644
1200,0.034484215,0.015209623
1201,0.03935216,0.047650155
1202,0.020148082,0.013126849
1203,0.030947736,0.014909888
1204,0.28885022,0.43257117
1205,0.053674206,0.0343158
1206,0.045438856,0.03722092
1207,0.03596362,0.0032202282
1208,0.11712658,0.10049572
1209,0.02918654,0.017453792
1210,0.05356149,0.041716944
1211,0.11595714,0.14543289
1212,0.08357227,0.074449524
1213,0.06697476,0.05309918
1214,0.040317297,0.009898935
1215,0.45703036,0.4778004
1216,0.07261059,0.047988318
1217,0.05549176,0.01993621
1218,0.14522117,0.17235522
1219,0.1020296,0.088391036
1220,0.021007545,0.029865887
1221,0.038696997,0.01540176
1222,0.03341341,0.005764132
1223,0.07111709,0.043776657
1224,0.09332225,0.07111401
1225,0.01694975,0.010313953
1226,0.04097951,0.014925258
1227,0.0946044,0.17076433
1228,0.05073653,0.12903202
1229,0.31536677,0.460362
1230,0.15657736,0.16569957
1231,0.28670156,0.3348653
1232,0.041775566,0.02958921
1233,0.10354423,0.14499481
1234,0.016160734,0.01524805
1235,0.10809516,0.043799717
1236,0.08071913,0.056319408
1237,0.12643273,0.15446337
1238,0.09706303,0.060538754
1239,0.13928242,0.08983591
1240,0.015864853,0.026930023
1241,0.2113576,0.26823965
1242,0.040077776,0.07554855
1243,0.10611558,0.080044575
1244,0.054604117,0.032179225
1245,0.021387963,0.035975866
1246,0.08914469,0.079721786
1247,0.052222982,0.044829573
1248,0.008284666,0.002705299
1249,0.16886346,0.16775928
1250,0.04867241,0.057879567
1251,0.040669538,0.07452638
1252,0.0704267,0.048695385
1253,0.12856731,0.051638935
1254,0.114287525,0.3124313
1255,0.06783422,0.08658494
1256,0.06808079,0.06482727
1257,0.038379982,0.059701033
1258,0.080860026,0.026937708
1259,0.22122735,0.7871729
1260,0.10648895,0.15301849
1261,0.05210322,0.06911578
1262,0.12347393,0.37164047
1263,0.061740484,0.024693541
1264,0.061980005,0.054759253
1265,0.037372578,0.03910387
1266,0.03454762,0.014587096
1267,0.045467034,0.085263036
1268,0.046721004,0.055135842
1269,0.036646966,0.013480383
1270,0.15398487,0.21855281
1271,0.020598948,0.0336241
1272,0.2810164,0.30230182
1273,0.12615798,0.24654344
1274,0.015329449,0.018237712
1275,0.17417523,0.24727356
1276,0.05566788,0.037190177
1277,0.011849326,0.011766514
1278,0.027502835,0.0062329476
1279,0.045861542,0.033255197
1280,0.014462941,0.009814395
1281,0.11754926,0.05724167
1282,0.03847861,0.028044423
1283,0.09680942,0.08455597
1284,0.046157423,0.036798216
1285,0.09250505,0.12268378
1286,0.084593765,0.07474157
1287,0.064170934,0.03914998
1288,0.07935949,0.04151712
1289,0.04154309,0.03292472
1290,0.120014936,0.13978404
1291,0.031919915,0.15182723
1292,0.025199192,0.018376052
1293,0.085629344,0.15721478
1294,0.04244482,0.025961649
1295,0.014808135,0.016162625
1296,0.11656299,0.13754755
1297,0.101177186,0.122107364
1298,0.019478828,0.019897783
1299,0.14533389,0.13056912
1300,0.043987628,0.03636783
1301,0.051969368,0.031364564
1302,0.08250146,0.08031357
1303,0.021366829,0.007454944
1304,0.010475594,0.011935595
1305,0.07058169,0.062460132
1306,0.09180762,0.023994159
1307,0.047812946,0.025692657
1308,0.04920077,0.022841332
1309,0.07012378,0.067747764
1310,0.06247314,0.065688044
1311,0.029165404,0.010613688
1312,0.06896139,0.08789148
1313,0.21701457,0.23141836
1314,0.10300883,0.115436345
1315,0.02544576,0.040187526
1316,0.064290695,0.051954042
1317,0.08742577,0.117818855
1318,0.03339932,0.04052569
1319,0.08342433,0.08850632
1320,0.032279197,0.036045037
1321,0.07958492,0.11248511
1322,0.040683627,0.03353956
1323,0.046911214,0.013933828
1324,0.25299227,0.24095608
1325,0.14241031,0.21598586
1326,0.110560834,0.17150982
1327,0.061508007,0.0400953
1328,0.107559755,0.14165162
1329,0.040972464,0.05986243
1330,0.056717552,0.063221
1331,0.17280854,0.17253199
1332,0.058661915,0.060231335
1333,0.10713707,0.091173194
1334,0.07766169,0.051808015
1335,0.0773165,0.10333167
1336,0.1785289,0.24088691
1337,0.078887485,0.059970025
1338,0.015505569,0.022372516
1339,0.109187104,0.15839835
1340,0.047108468,0.054766938
1341,0.12466449,0.108242705
1342,0.035209827,0.023694424
1343,0.06934885,0.098774165
1344,0.059310034,0.052807134
1345,0.031708572,0.05807939
1346,0.037562788,0.036490798
1347,0.17757082,0.16535373
1348,0.044600524,0.019375168
1349,0.013511895,0.009314837
1350,0.046291273,0.07756215
1351,0.12982832,0.19998462
1352,0.078267545,0.057987165
1353,0.079739906,0.11358414
1354,0.062543586,0.32848635
1355,0.10112082,0.13760135
1356,0.11095534,0.19205318
1357,0.012617207,0.0021826846
1358,0.08392451,0.11471391
1359,0.025924804,0.041847598
1360,0.0956118,0.13753986
1361,0.48773855,0.6424317
1362,0.0848826,0.12961611
1363,0.21987474,0.34973678
1364,0.05108173,0.063751295
1365,0.055308595,0.06545748
1366,0.04472029,0.02484725
1367,0.02830594,0.018967835
1368,0.023142114,0.016508473
1369,0.04858083,0.041202012
1370,0.03411789,0.045459785
1371,0.020246709,0.014056796
1372,0.05413212,0.036698304
1373,0.06648162,0.030396188
1374,0.11595714,0.08105138
1375,0.013603478,0.010990278
1376,0.11247702,0.22107367
1377,0.06674933,0.07368866
1378,0.07856343,0.035722245
1379,0.06344532,0.09846674
1380,0.044177838,0.008746109
1381,0.0702224,0.108288825
1382,0.10598877,0.11804942
1383,0.088221826,0.11846443
1384,0.064544305,0.02000538
1385,0.19000486,0.22175768
1386,0.053984176,0.06320562
1387,0.026269998,0.005771817
1388,0.17201248,0.16602236
1389,0.05581582,0.10223264
1390,0.19750051,0.27102947
1391,0.094949596,0.08353379
1392,0.0754285,0.13684817
1393,0.050179996,0.053421974
1394,0.055273373,0.055197325
1395,0.04708029,0.026138416
1396,0.042916823,0.037912615
1397,0.064769745,0.0149022015
1398,0.04621378,0.022518542
1399,0.066291414,0.055919763
1400,0.11719702,0.07279714
1401,0.05218776,0.014602467
1402,0.08743986,0.07995235
1403,0.029017463,0.0087922225
1404,0.13404815,0.11172424
1405,0.007869024,0.0019060062
1406,0.04475551,0.032087
1407,0.06787649,0.06394344
1408,0.058711227,0.028328786
1409,0.072004735,0.027921455
1410,0.09223735,0.05565077
1411,0.04316339,0.047066055
1412,0.07930313,0.104707375
1413,0.074766286,0.052361373
1414,0.07285716,0.04731968
1415,0.13473149,0.31453714
1416,0.05485773,0.0363832
1417,0.05585809,0.04668178
1418,0.015371718,0.0088537065
1419,0.035569113,0.023448488
1420,0.08156451,0.16543826
1421,0.12984945,0.16609153
1422,0.120296724,0.108296506
1423,0.041592404,0.035276487
1424,0.080472566,0.083226375
1425,0.24764527,0.24830343
1426,0.04971504,0.0026668715
1427,0.10935618,0.07638627
1428,0.027509881,0.01365715
1429,0.023966353,0.009898935
1430,0.09984572,0.14743112
1431,0.043952405,0.05556623
1432,0.0789368,0.13263652
1433,0.03029257,0.050831955
1434,0.073124856,0.044660494
1435,0.13355501,0.15855205
1436,0.07697131,0.046566498
1437,0.11788741,0.08892903
1438,0.0744845,0.10004996
1439,0.82443696,0.9449871
1440,0.08577024,0.06863928
1441,0.04039479,0.013926142
1442,0.13421722,0.13279022
1443,0.06269153,0.0076317103
1444,0.029390838,0.008976675
1445,0.06867255,0.116604544
1446,0.17107552,0.2598317
1447,0.034575798,0.018844867
1448,0.08679878,0.058740344
1449,0.02362116,0.02067402
1450,0.025459848,0.024570571
1451,0.047418438,0.050762787
1452,0.01805578,0.016593013
1453,0.046558976,0.059139993
1454,0.07266694,0.008169696
1455,0.061712306,0.019736387
1456,0.047369126,0.016516158
1457,0.21343581,0.21436422
1458,0.03366702,0.018322254
1459,0.22906819,0.16078854
1460,0.00944001,0.014156708
1461,0.10167032,0.10292434
1462,0.050743576,0.030849634
1463,0.062001143,0.025715712
1464,0.159036,0.21737693
1465,0.07368844,0.048426393
1466,0.16717976,0.18253852
1467,0.18167792,0.27381164
1468,0.132294,0.12651885
1469,0.16015612,0.14412636
1470,0.045516346,0.042108905
1471,0.045600884,0.024393806
1472,0.026206596,0.01865273
1473,0.04690417,0.052853245
1474,0.16324173,0.10994889
1475,0.036851265,0.011935595
1476,0.08026122,0.104638204
1477,0.022346053,0.009191869
1478,0.09602745,0.09208777
1479,0.22061445,0.19374399
1480,0.087721646,0.05542789
1481,0.029221762,0.008953618
1482,0.09863402,0.047050685
1483,0.08422039,0.070552975
1484,0.084488094,0.06305192
1485,0.055907402,0.070537604
1486,0.11529493,0.096737504
1487,0.038753357,0.05628098
1488,0.025480982,0.06273681
1489,0.101318076,0.14572494
1490,0.096323326,0.052784074
1491,0.023494354,0.007962188
1492,0.034075618,0.008515544
1493,0.10949003,0.14024517
1494,0.2018401,0.11220843
1495,0.07916928,0.04208585
1496,0.07807029,0.0734581
1497,0.02521328,0.024739653
1498,0.038563147,0.01117473
1499,0.05418143,0.025984706
1500,0.061345976,0.0546286
1501,0.04647444,0.04504477
1502,0.061768662,0.069799796
1503,0.08306505,0.18730354
1504,0.07184975,0.033662528
1505,0.019936739,0.022833647
1506,0.039591685,0.019920839
1507,0.055259284,0.058694232
1508,0.035216875,0.05336049
1509,0.038689952,0.043423127
1510,0.07385751,0.0534604
1511,0.11807762,0.08577028
1512,0.052969728,0.08677708
1513,0.05806311,0.038312264
1514,0.014709508,0.008000615
1515,0.09580906,0.15140453
1516,0.0934561,0.105468236
1517,0.015505569,0.015663067
1518,0.12233267,0.16311724
1519,0.05056041,0.04967913
1520,0.07132139,0.0444453
1521,0.11498496,0.1456865
1522,0.057760183,0.03607578
1523,0.043085895,0.05575837
1524,0.06228293,0.04051032
1525,0.018837752,0.02633824
1526,0.04843993,0.059993085
1527,0.05504794,0.076063484
1528,0.0904832,0.055297237
1529,0.07086348,0.11400684
1530,0.10632692,0.11847212
1531,0.2180431,0.12552741
1532,0.06720724,0.08079007
1533,0.110300176,0.09894324
1534,0.010405146,0.0034661645
1535,0.07283602,0.10577566
1536,0.06236747,0.032717213
1537,0.08517848,0.09842832
1538,0.027094238,0.033908464
1539,0.12058556,0.116958074
1540,0.026016386,0.0120585635
1541,0.039831206,0.018045574
1542,0.11981063,0.14985205
1543,0.051863696,0.025984706
1544,0.037210546,0.026284441
1545,0.022895547,0.02898974
1546,0.05275134,0.047650155
1547,0.18742646,0.21776122
1548,0.038936518,0.035568535
1549,0.103332885,0.10577566
1550,0.01966199,0.014863774
1551,0.08375543,0.13017716
1552,0.026058655,0.0033355108
1553,0.008214218,0.00739346
1554,0.12765148,0.025700342
1555,0.08032462,0.05718019
1556,0.051180355,0.037828077
1557,0.027749402,0.020989126
1558,0.12646091,0.17748915
1559,0.2744648,0.21803789
1560,0.084241524,0.020873843
1561,0.047221184,0.048264995
1562,0.04440327,0.02105061
1563,0.021458412,0.010406179
1564,0.15886691,0.2220113
1565,0.08902493,0.014602467
1566,0.16685571,0.18129347
1567,0.07560462,0.10882681
1568,0.08457968,0.068931326
1569,0.18131159,0.18216962
1570,0.10800358,0.114275835
1571,0.08007806,0.06315951
1572,0.15855695,0.23588364
1573,0.14488302,0.16295585
1574,0.07273739,0.0050954926
1575,0.07603435,0.12309111
1576,0.037372578,0.04267763
1577,0.06471338,0.05460554
1578,0.041106313,0.012727203
1579,0.11678138,0.12666488
1580,0.07080007,0.11555163
1581,0.1086517,0.0920186
1582,0.030877287,0.014325789
1583,0.06261404,0.055796795
1584,0.20553862,0.31452176
1585,0.038429294,0.037428427
1586,0.028256627,0.038419858
1587,0.10289611,0.14502555
1588,0.093709715,0.066187605
1589,0.031673346,0.024086386
1590,0.094949596,0.059186105
1591,0.094216935,0.051331513
1592,0.06622097,0.03324751
1593,0.07274444,0.030311648
1594,0.092730485,0.113030784
1595,0.013906403,0.007839219
1596,0.04109927,0.05859432
1597,0.072772615,0.055573914
1598,0.06729882,0.050240174
1599,0.048792172,0.05714176
1600,0.09124404,0.12641124
1601,0.01497721,0.008799908
1602,0.06887685,0.066202976
1603,0.115464,0.11711179
1604,0.049722083,0.04134804
1605,0.065910995,0.049294855
1606,0.07616115,0.13621797
1607,0.02884839,0.050947238
1608,0.10701027,0.089935824
1609,0.025706416,0.033493448
1610,0.115661256,0.11177804
1611,0.12617911,0.2512316
1612,0.048799217,0.01789955
1613,0.03213126,0.05943204
1614,0.08622111,0.119817086
1615,0.029595137,0.008861392
1616,0.028228449,0.016516158
1617,0.09461144,0.049241055
1618,0.119028665,0.11250816
1619,0.034822367,0.0438612
1620,0.05500567,0.026668716
1621,0.15450619,0.33129925
1622,0.14866607,0.15249588
1623,0.11687296,0.09650694
1624,0.20027615,0.23126465
1625,0.0103065185,0.0018368367
1626,0.043212704,0.029781347
1627,0.28382024,0.25853282
1628,0.02185292,0.015063598
1629,0.027453521,0.019598048
1630,0.09066637,0.100757025
1631,0.010327653,0.0011912539
1632,0.013695059,0.00063789723
1633,0.088982664,0.06425086
1634,0.062437918,0.03949583
1635,0.036999203,0.035791416
1636,0.03287096,0.014840717
1637,0.04987707,0.06407409
1638,0.06973632,0.09224148
1639,0.1272147,0.118226185
1640,0.05880281,0.05568151
1641,0.021423187,0.0198363
1642,0.08032462,0.07427276
1643,0.02036647,0.010759712
1644,0.07896498,0.103523806
1645,0.099690735,0.16804366
1646,0.018999781,0.011989394
1647,0.03982416,0.045974713
1648,0.08151519,0.10015755
1649,0.5618356,0.59768665
1650,0.07267399,0.036990356
1651,0.057055704,0.06382047
1652,0.037816398,0.022410944
1653,0.021916322,0.015609269
1654,0.07835913,0.08813742
1655,0.12892659,0.21307305
1656,0.02393113,0.024370749
1657,0.051525548,0.023387004
1658,0.06331147,0.029166507
1659,0.08033167,0.07033009
1660,0.07010969,0.036045037
1661,0.049292352,0.09219537
1662,0.046805542,0.030534526
1663,0.09629515,0.101510204
1664,0.033406366,0.019282943
1665,0.10823606,0.046581868
1666,0.07446336,0.048441764
1667,0.02509352,0.03058064
1668,0.048926022,0.041132845
1669,0.087601885,0.05654229
1670,0.1493776,0.21947508
1671,0.028770896,0.032302193
1672,0.1419524,0.13325904
1673,0.054597072,0.0838489
1674,0.06336079,0.07782347
1675,0.31569788,0.40256697
1676,0.1711178,0.21785344
1677,0.07382933,0.052422855
1678,0.0773165,0.09540022
1679,0.11606281,0.18201591
1680,0.10524202,0.09745225
1681,0.04331133,0.04452984
1682,0.22636299,0.28186604
1683,0.053674206,0.042231873
1684,0.010391056,0.008815279
1685,0.01577327,0.01858356
1686,0.1356614,0.15772201
1687,0.027108328,0.03088806
1688,0.02719991,0.039403606
1689,0.11232907,0.12279138
1690,0.038809713,0.08314183
1691,0.025734594,0.03197172
1692,0.07479447,0.06722514
1693,0.1183735,0.08371825
1694,0.04507957,0.05707259
1695,0.08596045,0.029066594
1696,0.06608712,0.08053645
1697,0.047298677,0.022134265
1698,0.21024452,0.28723052
1699,0.025023071,0.048557047
1700,0.047073245,0.029320216
1701,0.05095492,0.056104217
1702,0.10139557,0.13755524
1703,0.011828192,0.0029512355
1704,0.17451338,0.10752027
1705,0.07809847,0.09906621
1706,0.053174026,0.038850248
1707,0.092723444,0.11757292
1708,0.026164327,0.030280905
1709,0.071272075,0.07826154
1710,0.08094457,0.056127273
1711,0.038471565,0.035599276
1712,0.04917259,0.014387273
1713,0.03671741,0.035553165
1714,0.049059875,0.040610228
1715,0.03880267,0.03501518
1716,0.06425547,0.05541252
1717,0.008038098,0.0047727013
1718,0.024691967,0.018445222
1719,0.12984242,0.12910119
1720,0.04092315,0.06193752
1721,0.109926805,0.07873804
1722,0.1010856,0.13729393
1723,0.07194133,0.046520386
1724,0.0375487,0.026284441
1725,0.06571374,0.043115705
1726,0.10704549,0.12183069
1727,0.03921831,0.05361411
1728,0.07585119,0.0615763
1729,0.12436157,0.2008992
1730,0.038119324,0.033854667
1731,0.07046193,0.11327672
1732,0.060465377,0.042001307
1733,0.044501897,0.04389194
1734,0.1531395,0.6967682
1735,0.03339932,0.024801137
1736,0.027087193,0.019697959
1737,0.042423688,0.01767667
1738,0.20882148,0.08228874
1739,0.24224193,0.26112285
1740,0.12740491,0.07460324
1741,0.042170074,0.030342389
1742,0.08880654,0.048572417
1743,0.19202672,0.27209008
1744,0.13959943,0.11788034
1745,0.17486562,0.13521884
1746,0.12788396,0.074072935
1747,0.046932347,0.084010296
1748,0.11118782,0.08902125
1749,0.114534095,0.16853553
1750,0.124403834,0.16538447
1751,0.051772114,0.03831995
1752,0.124009326,0.1619183
1753,0.02054259,0.008246551
1754,0.0063121263,0.0024670484
1755,0.026234774,0.03624486
1756,0.034258783,0.019013949
1757,0.023712741,0.05555086
1758,0.1776624,0.20836952
1759,0.053350147,0.09297929
1760,0.13109638,0.098266914
1761,0.041951686,0.04860316
1762,0.067397445,0.056826655
1763,0.020296022,0.005425969
1764,0.07877477,0.04646659
1765,0.049729127,0.01666987
1766,0.05718251,0.06361296
1767,0.15835264,0.19049303
1768,0.077112205,0.015547785
1769,0.062663354,0.053521883
1770,0.0650938,0.07460324
1771,0.4761499,0.5625639
1772,0.029433107,0.005410598
1773,0.06459362,0.024032587
1774,0.15635192,0.2503862
1775,0.11720406,0.25146985
1776,0.1466583,0.27665526
1777,0.15823993,0.16782846
1778,0.024325639,0.0036506169
1779,0.049905248,0.013280559
1780,0.006734813,0.0082234945
1781,0.015597151,0.01576298
1782,0.075125575,0.21092111
1783,0.075745516,0.05799485
1784,0.09399855,0.043899626
1785,0.23595095,0.38842562
1786,0.08147997,0.043069594
1787,0.07740808,0.053936902
1788,0.08183221,0.10890366
1789,0.066911355,0.0615225
1790,0.042092584,0.045751836
1791,0.06458658,0.041355725
1792,0.10515044,0.09579218
1793,0.044741422,0.02082773
1794,0.027552148,0.053798564
1795,0.053202208,0.021696191
1796,0.0746888,0.045067824
1797,0.040521596,0.04266226
1798,0.020021275,0.016984975
1799,0.16956794,0.35500133
1800,0.005438573,0.00070706685
1801,0.17430909,0.2722899
1802,0.09506231,0.11011797
1803,0.026474297,0.005402913
1804,0.149913,0.12923184
1805,0.15440053,0.17616723
1806,0.05014477,0.05508204
1807,0.08469239,0.09140376
1808,0.007883113,0.0048264996
1809,0.01615369,0.005671906
1810,0.041493777,0.05322215
1811,0.053258564,0.093179114
1812,0.20110744,0.20029205
1813,0.10062769,0.080513395
1814,0.12190998,0.20033816
1815,0.014117747,0.011451408
1816,0.08790481,0.13133766
1817,0.027150596,0.035483994
1818,0.077781454,0.15387158
1819,0.091490604,0.09611498
1820,0.07914814,0.09897398
1821,0.032906186,0.0648119
1822,0.05497749,0.08311878
1823,0.1644323,0.10493025
1824,0.06817237,0.054105982
1825,0.020493276,0.007308919
1826,0.005600603,0.0025900165
1827,0.13689424,0.10369289
1828,0.057175465,0.014156708
1829,0.059049375,0.04411482
1830,0.0709762,0.16091919
1831,0.10498137,0.07584829
1832,0.060416065,0.04914883
1833,0.03478714,0.022649195
1834,0.043571986,0.06601852
1835,0.060204722,0.05580448
1836,0.034160156,0.019567305
1837,0.07108891,0.063413136
1838,0.050757665,0.062306423
1839,0.09374493,0.11330746
1840,0.094681896,0.12707989
1841,0.11199093,0.12693387
1842,0.07382229,0.08020597
1843,0.02605161,0.018068632
1844,0.021451367,0.0023517658
1845,0.13360432,0.15621565
1846,0.091723084,0.16078854
1847,0.017823303,0.020643277
1848,0.080754355,0.10405411
1849,0.09841563,0.1197556
1850,0.02655179,0.025300695
1851,0.06682682,0.07222842
1852,0.022205159,0.032071628
1853,0.16641892,0.21270415
1854,0.038739264,0.03390078
1855,0.10148011,0.111032546
1856,0.11750699,0.13011567
1857,0.011623893,0.0070014987
1858,0.13161065,0.19847827
1859,0.062318157,0.051685046
1860,0.09213872,0.052353688
1861,0.028503194,0.007531799
1862,0.11073695,0.10182531
1863,0.05607648,0.046966147
1864,0.05126489,0.03931138
1865,0.2711819,0.23020405
1866,0.030609585,0.036629137
1867,0.06649572,0.0683626
1868,0.032377824,0.014809975
1869,0.005868305,0.0036890444
1870,0.0853546,0.107389614
1871,0.30987185,0.22248012
1872,0.07146933,0.044967912
1873,0.011962043,0.008753795
1874,0.079507425,0.098697305
1875,0.032800514,0.030680552
1876,0.07753489,0.084025666
1877,0.19883902,0.27454177
1878,0.059429795,0.019505821
1879,0.15861331,0.23396227
1880,0.07369548,0.068923645
1881,0.022571487,0.007431887
1882,0.04270548,0.033478078
1883,0.07168067,0.040817738
1884,0.074505635,0.08686931
1885,0.04927122,0.031487532
1886,0.08681287,0.15825231
1887,0.06587577,0.07346578
1888,0.16058585,0.19228375
1889,0.099091925,0.17733544
1890,0.46117973,0.41783038
1891,0.16764472,0.15381777
1892,0.07398432,0.08454829
1893,0.051356472,0.018645044
1894,0.17454156,0.14889136
1895,0.078887485,0.10062637
1896,0.012596074,0.0048956694
1897,0.08709466,0.17936441
1898,0.06536855,0.06240633
1899,0.00977816,0.0068324176
1900,0.0837977,0.07665527
1901,0.17798646,0.19452024
1902,0.07136366,0.055404834
1903,0.08815138,0.037351575
1904,0.0642132,0.06607232
1905,0.04875695,0.07148292
1906,0.03287096,0.055543173
1907,0.040127087,0.068531685
1908,0.094477594,0.09015102
1909,0.086235195,0.14915267
1910,0.11235021,0.102647655
1911,0.13758463,0.17334665
1912,0.076865636,0.10134112
1913,0.07034217,0.12088537
1914,0.08159973,0.06946163
1915,0.0070870523,0.00566422
1916,0.0249174,0.013580294
1917,0.24300277,0.3220997
1918,0.15355515,0.08429466
1919,0.11099057,0.08962072
1920,0.07137775,0.07080659
1921,0.005995111,0.008277293
1922,0.10415713,0.13324367
1923,0.15961367,0.13711716
1924,0.06386801,0.03572993
1925,0.107693605,0.1263344
1926,0.07008855,0.08116666
1927,0.16528471,0.40746263
1928,0.05257522,0.042231873
1929,0.055322688,0.055281866
1930,0.04071885,0.034285057
1931,0.17013857,0.12975445
1932,0.05777427,0.07099873
1933,0.05599194,0.079691045
1934,0.05768269,0.054121353
1935,0.10896167,0.14345002
1936,0.123657085,0.18881759
1937,0.10420644,0.32638052
1938,0.14397424,0.09730623
1939,0.08440355,0.096337855
1940,0.0561117,0.04998655
1941,0.03623837,0.022902817
1942,0.04625605,0.013219075
1943,0.042050313,0.029935058
1944,0.23421088,0.2787457
1945,0.095351145,0.095961265
1946,0.021627486,0.031364564
1947,0.07441405,0.041763056
1948,0.057534747,0.038104754
1949,0.08464307,0.03595281
1950,0.03385723,0.025377551
1951,0.16620053,0.22387119
1952,0.015554883,0.009284095
1953,0.014878583,0.00867694
1954,0.02594594,0.0155016715
1955,0.050574504,0.11633555
1956,0.07055351,0.045037083
1957,0.08544618,0.06924643
1958,0.2604879,0.3262806
1959,0.08228307,0.100326635
1960,0.006713679,0.0011220843
1961,0.010186757,0.0045728777
1962,0.2305335,0.21477923
1963,0.016562287,0.023402374
1964,0.13955717,0.14895286
1965,0.034258783,0.035583906
1966,0.1822556,0.26113823
1967,0.01932384,0.010190985
1968,0.0053188116,0.00566422
1969,0.061254393,0.07232064
1970,0.042994317,0.026015447
1971,0.072624676,0.08773777
1972,0.079000205,0.08951312
1973,0.02649543,0.022311032
1974,0.01932384,0.02897437
1975,0.16555242,0.19286016
1976,0.051877785,0.097152516
1977,0.054963402,0.04137878
1978,0.05633009,0.076501556
1979,0.13576707,0.061906774
1980,0.022043128,0.013611036
1981,0.029475374,0.018983208
1982,0.039697357,0.011651232
1983,0.09802112,0.11531337
1984,0.048101783,0.030488415
1985,0.039640997,0.018990893
1986,0.07376593,0.12754102
1987,0.038739264,0.009268723
1988,0.056541435,0.029858202
1989,0.04092315,0.03095723
1990,0.09989503,0.05571994
1991,0.02440313,0.050616764
1992,0.047615692,0.05803328
1993,0.044854138,0.046535756
1994,0.06849643,0.07926834
1995,0.036041114,0.06280598
1996,0.060620364,0.034115974
1997,0.023170294,0.03477693
1998,0.14419264,0.13022326
1999,0.07672474,0.15792952
2000,0.035160515,0.08780694
2001,0.033554304,0.015240365
2002,0.15078655,0.17628253
2003,0.14686261,0.25344503
2004,0.14323454,0.17865734
2005,0.042071447,0.056980364
2006,0.028862478,0.02575414
2007,0.026439073,0.015832148
2008,0.017351301,0.02074319
2009,0.14893377,0.16633748
2010,0.0341672,0.029197248
2011,0.067510165,0.047381163
2012,0.05659779,0.04536756
2013,0.016780674,0.009337894
2014,0.1313359,0.20855397
2015,0.11188526,0.13494985
2016,0.08432606,0.059017025
2017,0.03764028,0.029950429
2018,0.017696496,0.012073935
2019,0.061451647,0.041017562
2020,0.020260798,0.0078622755
2021,0.11213182,0.04970987
2022,0.2889559,0.2531914
2023,0.082628265,0.09111939
2024,0.07092688,0.095999695
2025,0.08963078,0.10216347
2026,0.11597827,0.015394075
2027,0.06431887,0.09251816
2028,0.16975111,0.17955655
2029,0.045227513,0.019067748
2030,0.09113836,0.08221958
2031,0.044410318,0.047619414
2032,0.09249096,0.08789148
2033,0.07274444,0.07218999
2034,0.054026447,0.06689467
2035,0.095330015,0.12784845
2036,0.08929968,0.033862352
2037,0.078887485,0.11203166
2038,0.023909995,0.024439918
2039,0.054294147,0.07014564
2040,0.114555225,0.094354995
2041,0.27221045,0.25246128
2042,0.06758061,0.06979211
2043,0.089088336,0.15215002
2044,0.023994533,0.011866426
2045,0.06300855,0.03557622
2046,0.24713805,0.33478078
2047,0.08832046,0.03475387
2048,0.1302017,0.24962533
2049,0.12281171,0.08934404
2050,0.035625473,0.0056104218
2051,0.47911572,0.42295662
2052,0.0718568,0.022910502
2053,0.029123135,0.045874804
2054,0.049052827,0.04187834
2055,0.0260657,0.015786035
2056,0.099077836,0.100295894
2057,0.09218804,0.12331399
2058,0.06884163,0.1280329
2059,0.06991243,0.08502479
2060,0.010074041,0.0049264114
2061,0.02683358,0.03672905
2062,0.022268562,0.018775698
2063,0.090729766,0.11419129
2064,0.04136697,0.06915421
2065,0.0081015015,0.008968989
2066,0.03847861,0.051139377
2067,0.030327793,0.010121815
2068,0.15925439,0.16443147
2069,0.019697215,0.013011566
2070,0.018013513,0.0134650115
2071,0.024818772,0.018506706
2072,0.06484723,0.04393037
2073,0.07822528,0.058087077
2074,0.036928754,0.04784998
2075,0.036576517,0.02115052
2076,0.05163122,0.093939975
2077,0.060444243,0.038020212
2078,0.049158502,0.032655727
2079,0.004614333,0.003566076
2080,0.15402715,0.19535795
2081,0.10329062,0.07189025
2082,0.04164876,0.01420282
2083,0.10753158,0.07513353
2084,0.053300835,0.038635053
2085,0.037915025,0.046943087
2086,0.053716477,0.046028513
2087,0.021719068,0.020458825
2088,0.09480166,0.117818855
2089,0.0480102,0.02370211
2090,0.032758243,0.027744688
2091,0.0810291,0.11491373
2092,0.10859534,0.032087
2093,0.03210308,0.020297429
2094,0.046072885,0.02400953
2095,0.027383074,0.025777197
2096,0.07108891,0.03612958
2097,0.10720752,0.13968413
2098,0.05080698,0.0113976095
2099,0.03130702,0.014633209
2100,0.05958478,0.024747338
2101,0.052004594,0.01915229
2102,0.04739026,0.045014028
2103,0.10265659,0.12648042
2104,0.09155401,0.115789875
2105,0.024889221,0.04271606
2106,0.09744345,0.011843369
2107,0.08206469,0.057080276
2108,0.055984896,0.069653764
2109,0.06526288,0.056926563
2110,0.038267266,0.05914768
2111,0.137486,0.05065519
2112,0.028707493,0.012427468
2113,0.15049772,0.14645506
2114,0.10908847,0.10360835
2115,0.05238501,0.03708258
2116,0.023233697,0.0040963762
2117,0.10963797,0.10609845
2118,0.16658096,0.19312915
2119,0.14075477,0.22168851
2120,0.010285384,0.013611036
2121,0.053216297,0.06983054
2122,0.04964459,0.07292011
2123,0.13872588,0.07789263
2124,0.05123671,0.080513395
2125,0.011292788,0.00898436
2126,0.19766958,0.37933367
2127,0.05602012,0.031871807
2128,0.028003015,0.019021634
2129,0.06557284,0.13896938
2130,0.05049701,0.05057065
2131,0.029559912,0.032747954
2132,0.045678377,0.062613845
2133,0.062106814,0.063359335
2134,0.025544386,0.006901587
2135,0.107820414,0.107512586
2136,0.16625689,0.15962802
2137,0.057323404,0.025900165
2138,0.11208955,0.097175576
2139,0.19180128,0.24861853
2140,0.053174026,0.04685855
2141,0.048792172,0.047150597
2142,0.058380123,0.02741421
2143,0.045586795,0.046197593
2144,0.037076697,0.01902932
2145,0.032934364,0.020543365
2146,0.037675504,0.04510625
2147,0.06923614,0.026123045
2148,0.106200114,0.12737194
2149,0.17607027,0.20682473
2150,0.057520658,0.033032317
2151,0.040831566,0.008922876
2152,0.01901387,0.009107328
2153,0.3397347,0.2298659
2154,0.040415924,0.06057718
2155,0.084347196,0.03568382
2156,0.14137472,0.10816585
2157,0.12068419,0.15331821
2158,0.04918668,0.04538293
2159,0.010665802,0.003865811
2160,0.030405287,0.014571725
2161,0.037379622,0.015647696
2162,0.05419552,0.061261192
2163,0.11962747,0.116527684
2164,0.15166715,0.12403643
2165,0.07244856,0.06488875
2166,0.2271027,0.20856166
2167,0.13864839,0.21363409
2168,0.16728543,0.084041044
2169,0.118281916,0.18608154
2170,0.028749762,0.024332322
2171,0.12736264,0.1138685
2172,0.21012476,0.2505322
2173,0.14084636,0.102739885
2174,0.018415065,0.026691772
2175,0.040803388,0.020374285
2176,0.014265687,0.020235945
2177,0.008517143,0.0037351574
2178,0.0117013855,0.0076931943
2179,0.17596461,0.13903855
2180,0.018457333,0.015924376
2181,0.14986369,0.17869577
2182,0.08151519,0.07497983
2183,0.04140924,0.06278292
2184,0.05319516,0.018230027
2185,0.2239114,0.31584367
2186,0.12894772,0.08634669
2187,0.08708057,0.12205357
2188,0.20039591,0.19780195
2189,0.13695765,0.11365331
2190,0.04366357,0.03118011
2191,0.075625755,0.12243016
2192,0.1834814,0.29330978
2193,0.097957715,0.083218694
2194,0.08768642,0.0667717
2195,0.21538721,0.38611996
2196,0.13368182,0.17692041
2197,0.087778,0.10896514
2198,0.06969404,0.052953158
2199,0.29633883,0.27707797
2200,0.029419016,0.017238596
2201,0.020923007,0.020512624
2202,0.0659744,0.06442762
2203,0.085227795,0.13389693
2204,0.02390295,0.02830573
2205,0.07376593,0.04040272
2206,0.08307209,0.05965492
2207,0.084946,0.07056066
2208,0.06586873,0.076163396
2209,0.07271626,0.08445606
2210,0.02069053,0.024908734
2211,0.12211428,0.182869
2212,0.09123699,0.1349191
2213,0.10251569,0.14206663
2214,0.07159614,0.032094687
2215,0.12446724,0.21146677
2216,0.027214,0.014056796
2217,0.10715116,0.11753449
2218,0.095583625,0.09144218
2219,0.06821464,0.05263805
2220,0.12281876,0.1012489
2221,0.04443145,0.01743842
2222,0.0561117,0.07588672
2223,0.040296163,0.014210506
2224,0.03503371,0.048664644
2225,0.17993787,0.21915998
2226,0.089835085,0.05460554
2227,0.120761685,0.13654076
2228,0.095217295,0.11851055
2229,0.047277544,0.015363333
2230,0.124002285,0.11599739
2231,0.07571734,0.05571994
2232,0.059253674,0.05469008
2233,0.071884975,0.090343155
2234,0.008474875,0.0035891328
2235,0.04820041,0.057879567
2236,0.046467394,0.05231526
2237,0.01792193,0.02462437
2238,0.1098634,0.051892556
2239,0.06598849,0.066133805
2240,0.020338291,0.007539484
2241,0.11971201,0.08683088
2242,0.011532311,0.011251586
2243,0.07457608,0.057418436
2244,0.0808389,0.040863853
2245,0.04674214,0.07467241
2246,0.039549414,0.028497867
2247,0.056316,0.05944741
2248,0.015371718,0.005241517
2249,0.05775314,0.04076394
2250,0.054329373,0.09603044
2251,0.056569614,0.027406525
2252,0.19362588,0.3958114
2253,0.025199192,0.01170503
2254,0.20282637,0.39312914
2255,0.047073245,0.023402374
2256,0.20165694,0.2551589
2257,0.067799,0.06001614
2258,0.043642435,0.041586287
2259,0.081642,0.030588325
2260,0.07256127,0.03857357
2261,0.02803824,0.0133651
2262,0.15303384,0.20618683
2263,0.07584414,0.053552628
2264,0.10849671,0.11246974
2265,0.012539715,0.0063174884
2266,0.027826896,0.012665719
2267,0.183735,0.15457864
2268,0.018182587,0.051954042
2269,0.08564343,0.09494678
2270,0.054209612,0.02128886
2271,0.03955646,0.025946278
2272,0.09935963,0.09463936
2273,0.12379094,0.15557007
2274,0.20853968,0.26882374
2275,0.06155732,0.09400146
2276,0.23018126,0.20358145
2277,0.02771418,0.03612958
2278,0.17251971,0.17134073
2279,0.007552008,0.0042808284
2280,0.04830608,0.020889213
2281,0.08322003,0.12698767
2282,0.022071308,0.007962188
2283,0.1360559,0.15328747
2284,0.053300835,0.072889365
2285,0.1466583,0.13767052
2286,0.035731144,0.015701495
2287,0.075379185,0.088006765
2288,0.13874702,0.21436422
2289,0.06434001,0.07304308
2290,0.038640637,0.0614149
2291,0.07906361,0.05344503
2292,0.031201348,0.009391692
2293,0.02544576,0.04330016
2294,0.096083805,0.08771472
2295,0.05130716,0.036121894
2296,0.17578849,0.13627176
2297,0.096196525,0.08387964
2298,0.12360778,0.12478192
2299,0.013399178,0.002766783
2300,0.17565463,0.16274834
2301,0.028594777,0.030411558
2302,0.049531873,0.02876686
2303,0.0195845,0.019813241
2304,0.010517862,0.0062713753
2305,0.029045643,0.02681474
2306,0.03222284,0.013849287
2307,0.25273162,0.32216886
2308,0.16602442,0.2366522
2309,0.113935284,0.11133228
2310,0.053174026,0.033839297
2311,0.096591026,0.07826922
2312,0.07532283,0.06319794
2313,0.021113217,0.021811474
2314,0.05831672,0.04249318
2315,0.032229885,0.036890443
2316,0.15839492,0.2582331
2317,0.15163192,0.131745
2318,0.06747494,0.09164201
2319,0.088102065,0.09612266
2320,0.09465371,0.24838027
2321,0.032638483,0.0230181
2322,0.1127729,0.12618837
2323,0.21311879,0.24098682
2324,0.04073294,0.06860854
2325,0.029264031,0.023471544
2326,0.071398884,0.039042387
2327,0.31566972,0.2692618
2328,0.018302348,0.011651232
2329,0.04216303,0.017361565
2330,0.11056788,0.13770126
2331,0.07503399,0.058448296
2332,0.108320594,0.08832187
2333,0.054787282,0.070975676
2334,0.02266307,0.020581793
2335,0.022698293,0.029935058
2336,0.10030363,0.12986973
2337,0.34123522,0.3602659
2338,0.074632436,0.07098336
2339,0.26359466,0.35654613
2340,0.046861902,0.072090074
2341,0.1027834,0.06930792
2342,0.05076471,0.04307728
2343,0.09399855,0.11489836
2344,0.056780957,0.018007148
2345,0.039986193,0.03236368
2346,0.09364631,0.0599854
2347,0.03360362,0.027475694
2348,0.058020838,0.035998926
2349,0.016660914,0.0067478768
2350,0.031659257,0.029081967
2351,0.15047657,0.1032625
2352,0.11842986,0.049402453
2353,0.049433246,0.089182645
2354,0.1453832,0.2486339
2355,0.048503336,0.032640357
2356,0.06508676,0.065349884
2357,0.05492818,0.05518964
2358,0.057020478,0.029443186
2359,0.035625473,0.010874995
2360,0.02817209,0.016931176
2361,0.031645168,0.030234793
2362,0.018901154,0.003988779
2363,0.118542574,0.122945085
2364,0.08978577,0.09393229
2365,0.24265757,0.33754754
2366,0.120775774,0.13353571
2367,0.08841908,0.10675941
2368,0.13351978,0.17138685
2369,0.09498482,0.06792453
2370,0.101945065,0.166007
2371,0.004720005,0.00066095375
2372,0.06740449,0.07004573
2373,0.09041275,0.023963418
2374,0.032835737,0.021788418
2375,0.022684203,0.006432771
2376,0.17688747,0.2658802
2377,0.08975054,0.016162625
2378,0.08343842,0.17473005
2379,0.097464584,0.15071283
2380,0.056773912,0.042108905
2381,0.013638701,0.014371902
2382,0.027622597,0.024970219
2383,0.103692174,0.13498828
2384,0.042712525,0.052714907
2385,0.027235134,0.024532145
2386,0.042367328,0.054105982
2387,0.05716842,0.0482112
2388,0.07059578,0.07957576
2389,0.0397044,0.04574415
2390,0.09132153,0.06374361
2391,0.08277621,0.09699881
2392,0.58012384,0.69385546
2393,0.042346194,0.029527726
2394,0.11872574,0.11791108
2395,0.07358981,0.08248857
2396,0.06360735,0.066594936
2397,0.05778836,0.03511509
2398,0.03199741,0.02091227
2399,0.016808854,0.009015102
2400,0.08778505,0.047304306
2401,0.07719674,0.048357222
2402,0.062275887,0.055281866
2403,0.25380945,0.4339469
2404,0.022501038,0.026699457
2405,0.1143157,0.15140453
2406,0.032096036,0.045067824
2407,0.08171245,0.10094147
2408,0.12529853,0.05260731
2409,0.081120685,0.114629366
2410,0.142833,0.18431388
2411,0.0528711,0.037466858
2412,0.09826064,0.10157169
2413,0.009130039,0.010529147
2414,0.07131434,0.05089344
2415,0.08403018,0.122230336
2416,0.08032462,0.07996003
2417,0.04837653,0.054728508
2418,0.082226716,0.08384122
2419,0.094477594,0.07300465
2420,0.014498165,0.0073319757
2421,0.079500385,0.047573302
2422,0.027700089,0.01886024
2423,0.010489683,0.010321639
2424,0.13145566,0.073265955
2425,0.05261749,0.035261117
2426,0.18392521,0.22732198
2427,0.20430577,0.15055913
2428,0.18074097,0.2650732
2429,0.116274156,0.11546709
2430,0.12316395,0.17132537
2431,0.018098049,0.009837451
2432,0.34967488,0.56030434
2433,0.07978922,0.061376475
2434,0.19940965,0.3353034
2435,0.08493896,0.0771164
2436,0.09802817,0.060315873
2437,0.06109941,0.115367174
2438,0.045438856,0.041970566
2439,0.13214605,0.16450831
2440,0.09082135,0.08537063
2441,0.017541511,0.007132152
2442,0.055012714,0.038988587
2443,0.11397051,0.08937478
2444,0.023036443,0.04942551
2445,0.022501038,0.010705914
2446,0.05292746,0.022118894
2447,0.042430732,0.03805864
2448,0.0457136,0.046996888
2449,0.04713665,0.13899243
2450,0.03585795,0.083610654
2451,0.06758061,0.054789994
2452,0.02248695,0.014087538
2453,0.06774969,0.03896553
2454,0.04615038,0.03048073
2455,0.2807769,0.3235215
2456,0.1524773,0.11203166
2457,0.02054259,0.033739384
2458,0.079507425,0.12557353
2459,0.038133413,0.0363294
2460,0.048017245,0.03853514
2461,0.08538278,0.23519963
2462,0.10403032,0.10263997
2463,0.022648979,0.0052645737
2464,0.11479475,0.07215156
2465,0.09604858,0.13950735
2466,0.046861902,0.086769395
2467,0.009285025,0.007447258
2468,0.01366688,0.009914307
2469,0.01041219,0.01524805
2470,0.13885269,0.27098337
2471,0.046706915,0.05936287
2472,0.14814475,0.10139492
2473,0.15279432,0.04250855
2474,0.027453521,0.02181916
2475,0.17149118,0.15828305
2476,0.05338537,0.027598662
2477,0.12327667,0.10369289
2478,0.1211421,0.18123199
2479,0.08092343,0.06473504
2480,0.04501617,0.04013373
2481,0.05214549,0.04369212
2482,0.04864423,0.06827038
2483,0.0792045,0.045390617
2484,0.05566788,0.06389732
2485,0.116020545,0.15116628
2486,0.0642132,0.050931867
2487,0.080972746,0.07651693
2488,0.05730227,0.06319794
2489,0.04927122,0.08174308
2490,0.30266505,0.30004227
2491,0.017978288,0.00876148
2492,0.10666507,0.18079391
2493,0.019049095,0.007116781
2494,0.06599554,0.020858472
2495,0.077499665,0.056588404
2496,0.10450937,0.08196595
2497,0.016033927,0.003865811
2498,0.14318523,0.08371825
2499,0.06581941,0.054305807
2500,0.033829052,0.03042693
2501,0.036527205,0.03353956
2502,0.037795264,0.05007109
2503,0.07820414,0.083280176
2504,0.13113865,0.24923337
2505,0.16472818,0.17027245
2506,0.021993814,0.015171194
2507,0.13749304,0.16871229
2508,0.026044566,0.011182415
2509,0.09747867,0.10204819
2510,0.05042656,0.033086117
2511,0.018210765,0.020966068
2512,0.17228019,0.18001768
2513,0.06423434,0.055973563
2514,0.10142375,0.07411905
2515,0.044790734,0.07505668
2516,0.11022268,0.18083234
2517,0.045924947,0.019759443
2518,0.046544887,0.042108905
2519,0.034850545,0.02038197
2520,0.050137725,0.063374706
2521,0.042170074,0.025146985
2522,0.08519962,0.11716559
2523,0.086108394,0.10687469
2524,0.05600603,0.07351958
2525,0.20295317,0.29675287
2526,0.06469225,0.04903355
2527,0.015970524,0.009491604
2528,0.062275887,0.075671524
2529,0.05916914,0.06920032
2530,0.09430148,0.09707566
2531,0.043776285,0.016692925
2532,0.07871137,0.14312723
2533,0.122389026,0.06315183
2534,0.07808438,0.049871266
2535,0.14541139,0.14184375
2536,0.116534814,0.1009799
2537,0.05811242,0.038327634
2538,0.15013139,0.16041194
2539,0.117528126,0.11090189
2540,0.048327215,0.069761366
2541,0.1991349,0.1967106
2542,0.059239585,0.10244784
2543,0.028425703,0.018898666
2544,0.1529493,0.2266841
2545,0.066404134,0.07628636
2546,0.09262481,0.14242017
2547,0.1707867,0.2476271
2548,0.03197627,0.035668448
2549,0.075245336,0.033670213
2550,0.038239084,0.034185145
2551,0.0727233,0.057310842
2552,0.07740808,0.12517388
2553,0.07822528,0.11898705
2554,0.12264264,0.11085578
2555,0.07008151,0.028413327
2556,0.072906464,0.12614994
2557,0.07720379,0.053045385
2558,0.028552508,0.013864658
2559,0.011137803,0.014617838
2560,0.12873638,0.1179034
2561,0.04366357,0.036828957
2562,0.046502616,0.09062752
2563,0.07118754,0.07678592
2564,0.108186744,0.10612919
2565,0.009954279,0.002628444
2566,0.06933476,0.03234831
2567,0.13585865,0.18641202
2568,0.11508358,0.08619298
2569,0.06479792,0.043776657
2570,0.093075685,0.096360914
2571,0.10889827,0.12080083
2572,0.072765574,0.049348652
2573,0.05762633,0.052361373
2574,0.10577038,0.09341736
2575,0.06532628,0.09449333
2576,0.09686577,0.05568151
2577,0.027383074,0.01420282
2578,0.03631586,0.019790186
2579,0.0867706,0.07033778
2580,0.09942303,0.042408638
2581,0.012673566,0.010075702
2582,0.07213154,0.07115244
2583,0.054984536,0.03948046
2584,0.034603976,0.020043807
2585,0.090708636,0.040940706
2586,0.054829553,0.02515467
2587,0.1328787,0.14281213
2588,0.031708572,0.020020751
2589,0.12908158,0.1408139
2590,0.046854857,0.037466858
2591,0.16856758,0.15379472
2592,0.078619786,0.11696576
2593,0.040810432,0.043915
2594,0.15618286,0.08274987
2595,0.33574733,0.8128425
2596,0.087714605,0.058571264
2597,0.029559912,0.013388157
2598,0.023205517,0.016162625
2599,0.14365019,0.16525382
2600,0.12043762,0.13771664
2601,0.038534965,0.041617032
2602,0.06534037,0.0657111
2603,0.037020337,0.01668524
2604,0.2256092,0.37887254
2605,0.049912293,0.09599201
2606,0.07207518,0.074142106
2607,0.11187821,0.022695309
2608,0.10985636,0.05489759
2609,0.09444237,0.11346117
2610,0.12292443,0.1367252
2611,0.04998274,0.05465934
2612,0.051476233,0.05874803
2613,0.1201347,0.18903278
2614,0.0074674706,0.00019982323
2615,0.11974724,0.2005303
2616,0.02391704,0.014448757
2617,0.20999795,0.1833993
2618,0.12687655,0.10841948
2619,0.039986193,0.045728777
2620,0.19037119,0.20740114
2621,0.041035865,0.035291858
2622,0.07010969,0.03476924
2623,0.062346336,0.050755102
2624,0.09291365,0.06846251
2625,0.06681977,0.036375515
2626,0.25295705,0.30881912
2627,0.018196676,0.02008992
2628,0.11721111,0.15007493
2629,0.085727975,0.057725858
2630,0.05313176,0.06969988
2631,0.074773334,0.09738308
2632,0.04166285,0.028244246
2633,0.017069511,0.007247435
2634,0.102945425,0.034169775
2635,0.032011498,0.06213734
2636,0.066897266,0.075049
2637,0.07809143,0.049018174
2638,0.014589747,0.030718978
2639,0.07876068,0.07059909
2640,0.07757716,0.10642893
2641,0.042797063,0.033155285
2642,0.057147287,0.12561196
2643,0.071525685,0.058294587
2644,0.035188694,0.010736656
2645,0.30019936,0.46959227
2646,0.04354381,0.032863237
2647,0.042881597,0.059916228
2648,0.07623865,0.31188563
2649,0.05021522,0.049909696
2650,0.037710726,0.010160243
2651,0.09028595,0.06790147
2652,0.06445977,0.026922338
2653,0.12083917,0.19186874
2654,0.15297043,0.11360719
2655,0.047911573,0.014471813
2656,0.09992321,0.09088115
2657,0.16003636,0.17960265
2658,0.14532684,0.18365292
2659,0.049841844,0.049340967
2660,0.13084276,0.12799446
2661,0.08046552,0.04783461
2662,0.06152914,0.068170466
2663,0.08226898,0.0690543
2664,0.09374493,0.14402644
2665,0.032039676,0.014856089
2666,0.0544914,0.06710987
2667,0.05871827,0.05662683
2668,0.18814504,0.21580909
2669,0.020359425,0.030841947
2670,0.049228948,0.02414787
2671,0.05344173,0.057564463
2672,0.08534051,0.07351958
2673,0.02132456,0.016300965
2674,0.048122916,0.034692388
2675,0.16474226,0.118994735
2676,0.20930052,0.18305345
2677,0.0634735,0.04685855
2678,0.0073124855,0.0042808284
2679,0.19998732,0.27126005
2680,0.16300221,0.22069708
2681,0.12183249,0.36201054
2682,0.24662378,0.2377666
2683,0.10372739,0.0702763
2684,0.07077894,0.08026746
2685,0.114435464,0.10736656
2686,0.035949532,0.02395573
2687,0.05087038,0.033785496
2688,0.010454459,0.002736041
2689,0.113547824,0.11999385
2690,0.08246624,0.059970025
2691,0.30449668,0.48052108
2692,0.057161376,0.13323599
2693,0.041860104,0.04462975
2694,0.12224813,0.12583484
2695,0.04790453,0.023725167
2696,0.048947155,0.016623756
2697,0.050053187,0.029566154
2698,0.16074082,0.14644738
2699,0.09572452,0.14772317
2700,0.046101063,0.08187373
2701,0.063403055,0.07561772
2702,0.06628437,0.03275564
2703,0.064495,0.04069477
2704,0.16090286,0.13677901
2705,0.29907924,0.47016102
2706,0.029876927,0.015240365
2707,0.14077592,0.12091611
2708,0.042008046,0.062575415
2709,0.07285716,0.022303347
2710,0.036160875,0.030780463
2711,0.1709135,0.10128732
2712,0.034174245,0.021550167
2713,0.06381869,0.048011374
2714,0.12196634,0.13344349
2715,0.05254704,0.12980825
2716,0.036174964,0.01639319
2717,0.04597426,0.01420282
2718,0.054484356,0.052515082
2719,0.12624957,0.13012335
2720,0.050814025,0.0797141
2721,0.019838111,0.011789571
2722,0.115802154,0.13363563
2723,0.026122058,0.076893516
2724,0.090236634,0.06666411
2725,0.0837977,0.06957691
2726,0.07044784,0.050931867
2727,0.045037303,0.027652461
2728,0.051694624,0.058163933
2729,0.02170498,0.013710948
2730,0.1062917,0.08912116
2731,0.05484364,0.07042232
2732,0.08809502,0.122107364
2733,0.050623816,0.040441148
2734,0.10422757,0.07634784
2735,0.10691164,0.12082389
2736,0.06486837,0.053314377
2737,0.04116267,0.0062483186
2738,0.092582546,0.12706453
2739,0.044276465,0.06717903
2740,0.14257938,0.14067556
2741,0.036646966,0.049379393
2742,0.017168138,0.017546017
2743,0.115654215,0.07855359
2744,0.037224635,0.028121278
2745,0.003909855,0.0024132498
2746,0.018739125,0.022311032
2747,0.07484378,0.0070168697
2748,0.031271793,0.022603082
2749,0.119902216,0.09020482
2750,0.028989285,0.0048956694
2751,0.06324102,0.057041846
2752,0.14615813,0.1285555
2753,0.1024382,0.016270222
2754,0.073012136,0.07762364
2755,0.15384398,0.14244322
2756,0.090588875,0.054912962
2757,0.023381637,0.013318987
2758,0.047812946,0.047888406
2759,0.020296022,0.010621374
2760,0.13682379,0.23100334
2761,0.03387132,0.05014026
2762,0.026734954,0.030234793
2763,0.054998625,0.07511048
2764,0.11401278,0.0743035
2765,0.089954846,0.07028398
2766,0.086362004,0.07353495
2767,0.15851468,0.30078778
2768,0.08652403,0.100680165
2769,0.05376579,0.026830113
2770,0.04054273,0.008561657
2771,0.11643618,0.25113937
2772,0.02572755,0.037912615
2773,0.22527105,0.24161702
2774,0.10858125,0.13802406
2775,0.04970095,0.05448257
2776,0.090624094,0.09956577
2777,0.021028679,0.03323214
2778,0.12269195,0.12406717
2779,0.03630177,0.06159167
2780,0.14639765,0.16234869
2781,0.0355832,0.048349537
2782,0.07830982,0.08398724
2783,0.09862697,0.09546939
2784,0.084128805,0.09870499
2785,0.026988566,0.01985167
2786,0.07141297,0.11078661
2787,0.041000642,0.010851938
2788,0.051067635,0.030987972
2789,0.089003794,0.1139223
2790,0.08446696,0.122184224
2791,0.10098697,0.072174616
2792,0.082740985,0.058878683
2793,0.10029659,0.1744841
2794,0.056773912,0.053275947
2795,0.06223362,0.0476271
2796,0.09352655,0.19421281
2797,0.08927854,0.05963955
2798,0.085749105,0.098266914
2799,0.035209827,0.043046534
2800,0.024241101,0.020458825
2801,0.031786066,0.07149061
2802,0.3127109,0.5766284
2803,0.068651415,0.09306383
2804,0.11009588,0.057118703
2805,0.12379798,0.49988088
2806,0.014251597,0.0024363063
2807,0.04995456,0.03338585
2808,0.111427344,0.23356262
2809,0.15270978,0.22884372
2810,0.06842598,0.093886174
2811,0.11090603,0.06520386
2812,0.12908158,0.124167085
2813,0.037781175,0.026246013
2814,0.08044439,0.107551016
2815,0.09306864,0.12531222
2816,0.006706634,0.007877647
2817,0.016484793,0.018183915
2818,0.08617179,0.061291933
2819,0.012342461,0.01004496
2820,0.13385089,0.17006494
2821,0.083473645,0.107873805
2822,0.021669755,0.007900703
2823,0.06669297,0.069745995
2824,0.058894392,0.054974444
2825,0.041803747,0.038873304
2826,0.026629282,0.06710987
2827,0.04039479,0.03337048
2828,0.160297,0.27381933
2829,0.07443518,0.043984167
2830,0.034230605,0.029727548
2831,0.09494255,0.1300926
2832,0.25039274,0.2008531
2833,0.13028623,0.15138915
2834,0.032011498,0.029443186
2835,0.06531923,0.06285978
2836,0.24114294,0.3969873
2837,0.06108532,0.09424739
2838,0.040472284,0.037044153
2839,0.031095676,0.057057217
2840,0.059331167,0.067355804
2841,0.16387576,0.27974483
2842,0.02537531,0.008069784
2843,0.10761612,0.14943704
2844,0.17499243,0.20263612
2845,0.017534466,0.02958921
2846,0.13609818,0.13993774
2847,0.08675651,0.1016178
2848,0.010271295,0.0025900165
2849,0.16585535,0.26802444
2850,0.052110266,0.070153326
2851,0.028608866,0.03914998
2852,0.08115591,0.06600315
2853,0.16803923,0.16274065
2854,0.05211731,0.019536564
2855,0.050433606,0.027737001
2856,0.04650966,0.04635899
2857,0.03577341,0.017092573
2858,0.02833412,0.016646812
2859,0.012560849,0.0023133382
2860,0.11732383,0.12883219
2861,0.027622597,0.027076049
2862,0.03946488,0.042516235
2863,0.058366034,0.05123929
2864,0.04628423,0.035945125
2865,0.118274875,0.13531876
2866,0.090602964,0.03710564
2867,0.027770538,0.02695308
2868,0.03585795,0.017876495
2869,0.015540793,0.0010529148
2870,0.015167419,0.018022519
2871,0.091828756,0.14587864
2872,0.16195957,0.11912539
2873,0.074371785,0.057933368
2874,0.10064883,0.085247666
2875,0.03380792,0.00973754
2876,0.08951102,0.039664913
2877,0.05800675,0.03028859
2878,0.036632877,0.03198709
2879,0.10025432,0.09649925
2880,0.06458658,0.07004573
2881,0.101212405,0.12944703
2882,0.035914306,0.024170926
2883,0.029531734,0.019951582
2884,0.12658067,0.1168889
2885,0.023762055,0.017000346
2886,0.044656884,0.04393037
2887,0.04621378,0.054766938
2888,0.084009044,0.035975866
2889,0.05102537,0.054774623
2890,0.07184975,0.120193675
2891,0.04340996,0.06515775
2892,0.07244856,0.05736464
2893,0.016999062,0.008515544
2894,0.0029094957,0.0017753525
2895,0.10500955,0.17017254
2896,0.121402755,0.08617761
2897,0.11249111,0.057641316
2898,0.023867726,0.02008992
2899,0.019098409,0.002659186
2900,0.058823943,0.04346924
2901,0.17504174,0.26501173
2902,0.4291048,0.41025248
2903,0.06787649,0.038581256
2904,0.045354318,0.03253276
2905,0.06798216,0.039057758
2906,0.08979986,0.042839028
2907,0.08641836,0.053091496
2908,0.08917287,0.13843907
2909,0.024311548,0.015670752
2910,0.20630649,0.2609845
2911,0.084614895,0.06803981
2912,0.022085397,0.0062560043
2913,0.044368047,0.05944741
2914,0.05735863,0.053322062
2915,0.024861041,0.028966684
2916,0.028566597,0.021926757
2917,0.11743654,0.13398917
2918,0.104551636,0.074472584
2919,0.041141536,0.04228567
2920,0.023874773,0.11548246
2921,0.04705211,0.037712794
2922,0.045382496,0.09312531
2923,0.111420296,0.35913613
2924,0.07309668,0.02310264
2925,0.11013815,0.18714215
2926,0.11740132,0.19725627
2927,0.05095492,0.049417824
2928,0.06793989,0.06865465
2929,0.035780456,0.039334435
2930,0.1108849,0.1724167
2931,0.031934004,0.038581256
2932,0.15964185,0.18831803
2933,0.2371556,0.29687583
2934,0.14943396,0.1950198
2935,0.118782096,0.05860969
2936,0.048728768,0.017515276
2937,0.036935803,0.01502517
2938,0.02182474,0.002989663
2939,0.03770368,0.04892595
2940,0.009982458,0.008284979
2941,0.054216657,0.08140491
2942,0.066911355,0.08069784
2943,0.02556552,0.042078163
2944,0.008319889,0.003504592
2945,0.073519364,0.0459286
2946,0.022740562,0.013311301
2947,0.036280636,0.014002997
2948,0.062127948,0.045613497
2949,0.09699258,0.14575568
2950,0.08296642,0.07792337
2951,0.044734377,0.0795527
2952,0.066425264,0.10094147
2953,0.06706634,0.060899973
2954,0.16418573,0.16578412
2955,0.030053047,0.017784268
2956,0.11306173,0.08869077
2957,0.035759322,0.012742574
2958,0.01287082,0.0138954
2959,0.12747537,0.0865542
2960,0.05654848,0.029343273
2961,0.055597432,0.019744072
2962,0.10042339,0.09659148
2963,0.22629254,0.11958652
2964,0.16417164,0.19199939
2965,0.061007828,0.016231796
2966,0.21902232,0.222434
2967,0.30220714,0.32216886
2968,0.12729923,0.15941283
2969,0.077260144,0.029950429
2970,0.06662252,0.056711372
2971,0.3427076,0.34827653
2972,0.070159,0.04326173
2973,0.093864694,0.14843792
2974,0.044177838,0.0070014987
2975,0.021479545,0.009353264
2976,0.12558031,0.11648926
2977,0.1744077,0.20900741
2978,0.05461821,0.06780925
2979,0.06557989,0.008546286
2980,0.2574798,0.26909274
2981,0.062120903,0.061045997
2982,0.058711227,0.06903893
2983,0.051588953,0.05797948
2984,0.013568253,0.019090805
2985,0.16659504,0.13263652
2986,0.039521236,0.056158014
2987,0.107454084,0.50782
2988,0.02086665,0.017599816
2989,0.08269167,0.08142028
2990,0.070532374,0.04998655
2991,0.059782036,0.0688391
2992,0.11608394,0.19620337
2993,0.06835554,0.10634439
2994,0.036160875,0.014348845
2995,0.044304643,0.03980325
2996,0.03723873,0.02174999
2997,0.068764135,0.04521385
2998,0.11522448,0.10400031
2999,0.06531923,0.028574722
3000,0.017717632,0.010967221
3001,0.44369456,0.5489452
3002,0.09465371,0.08789916
3003,0.038415205,0.020927642
3004,0.05173689,0.05817162
3005,0.075132616,0.123429276
3006,0.06999697,0.07564078
3007,0.116520725,0.120124504
3008,0.120014936,0.15682282
3009,0.059366394,0.08736887
3010,0.07744331,0.075717635
3011,0.04625605,0.07587134
3012,0.18345322,0.24601315
3013,0.105298385,0.16596088
3014,0.04849629,0.03535334
3015,0.04133879,0.0310264
3016,0.011144848,0.0024593628
3017,0.1100677,0.13749376
3018,0.13061734,0.045167737
3019,0.11873279,0.11130154
3020,0.06170526,0.08515544
3021,0.078514114,0.04396111
3022,0.06383983,0.040733196
3023,0.118514396,0.11077124
3024,0.11290675,0.074926026
3025,0.041127447,0.0810898
3026,0.22805373,0.24855705
3027,0.05837308,0.049740613
3028,0.077781454,0.04543673
3029,0.10050088,0.12616532
3030,0.02278283,0.047665525
3031,0.09140607,0.095208086
3032,0.05618215,0.026768629
3033,0.025311908,0.021027552
3034,0.07617524,0.060523383
3035,0.0355198,0.040210582
3036,0.09150469,0.05325289
3037,0.033448633,0.020497253
3038,0.058415346,0.033908464
3039,0.06618574,0.061491758
3040,0.02113435,0.012542751
3041,0.0154633,0.024724282
3042,0.04487527,0.07620182
3043,0.08207878,0.093194485
3044,0.020380558,0.0058640433
3045,0.066277325,0.09100411
3046,0.06173344,0.049264114
3047,0.0249174,0.027713945
3048,0.047615692,0.008308035
3049,0.15814835,0.08424086
3050,0.018978648,0.011835684
3051,0.08710875,0.10599086
3052,0.01777399,0.014487185
3053,0.21366124,0.24947162
3054,0.026368625,0.016984975
3055,0.034632158,0.026092302
3056,0.016484793,0.0064404565
3057,0.056316,0.07023787
3058,0.023494354,0.038412172
3059,0.24212922,0.24220881
3060,0.019746529,0.005856358
3061,0.40862563,0.46547285
3062,0.11134985,0.06182992
3063,0.222432,0.2927103
3064,0.1357389,0.19159205
3065,0.09381539,0.116581485
3066,0.08841204,0.07554087
3067,0.09509049,0.11850286
3068,0.015026524,0.012342927
3069,0.034984395,0.04267763
3070,0.03204672,0.0405718
3071,0.069398165,0.057495292
3072,0.07909179,0.07033009
3073,0.044361003,0.01721554
3074,0.016527062,0.020658648
3075,0.05497749,0.026345925
3076,0.04736208,0.04711217
3077,0.001986629,0.0005764132
3078,0.04019049,0.018921724
3079,0.0924487,0.096714444
3080,0.12224813,0.25799486
3081,0.09415353,0.18168543
3082,0.021726113,0.0062867464
3083,0.041754432,0.02551589
3084,0.039535325,0.012527379
3085,0.07749262,0.017069515
3086,0.16295993,0.16111133
3087,0.09854244,0.07898398
3088,0.06731291,0.04907966
3089,0.12123368,0.062114283
3090,0.011278699,0.0018368367
3091,0.01874617,0.020266687
3092,0.011673206,0.013580294
3093,0.023487309,0.011366867
3094,0.081353165,0.04769627
3095,0.032983676,0.02310264
3096,0.086967856,0.07939899
3097,0.16843373,0.3170503
3098,0.0862986,0.057579834
3099,0.024332684,0.008446374
3100,0.15304089,0.06900819
3101,0.014688374,0.017184798
3102,0.06283947,0.035038237
3103,0.04383969,0.07233601
3104,0.20395353,0.1752834
3105,0.023226652,0.03395458
3106,0.044058077,0.024977904
3107,0.12937745,0.18661954
3108,0.08072618,0.08072858
3109,0.12204383,0.14032203
3110,0.047108468,0.038988587
3111,0.14594679,0.11406064
3112,0.039366253,0.020189833
3113,0.056837317,0.081673905
3114,0.021867009,0.01949045
3115,0.025861401,0.017346194
3116,0.06389619,0.026653346
3117,0.13736624,0.14423394
3118,0.040916104,0.0060792374
3119,0.04708029,0.07418822
3120,0.080226,0.035361025
3121,0.071138225,0.033631787
3122,0.041007686,0.023901934
3123,0.037295084,0.032778695
3124,0.025163967,0.02000538
3125,0.14713736,0.19362102
3126,0.08227603,0.06060024
3127,0.0630015,0.08935941
3128,0.1643548,0.1282481
3129,0.046868946,0.06658725
3130,0.13123727,0.4302732
3131,0.08996189,0.06675633
3132,0.06824987,0.0635899
3133,0.0609092,0.18103217
3134,0.10826424,0.112654194
3135,0.3176352,0.22779849
3136,0.27477473,0.3763978
3137,0.113681674,0.1773508
3138,0.07665429,0.1766591
3139,0.15039204,0.15482458
3140,0.04289569,0.07474157
3141,0.013385089,0.0028052109
3142,0.13477376,0.5143911
3143,0.07397023,0.11841064
3144,0.074611306,0.018268455
3145,0.06188138,0.04293894
3146,0.10113491,0.051654305
3147,0.0861577,0.048902895
3148,0.04671396,0.009337894
3149,0.068517566,0.062229566
3150,0.032004453,0.03910387
3151,0.11947953,0.19965415
3152,0.06858097,0.06921569
3153,0.11157528,0.15978941
3154,0.03384314,0.012796372
3155,0.07101142,0.10001153
3156,0.27615553,0.2548438
3157,0.106432594,0.03893479
3158,0.06623506,0.06119971
3159,0.012448133,0.011320755
3160,0.18174133,0.18719594
3161,0.1596489,0.23904239
3162,0.21232978,0.22520848
3163,0.044501897,0.029204935
3164,0.18453811,0.2526611
3165,0.050961964,0.0811436
3166,0.032215796,0.015824463
3167,0.079746954,0.149829
3168,0.07853525,0.0777543
3169,0.24142474,0.18270761
3170,0.14123382,0.19205318
3171,0.045812227,0.029643008
3172,0.025297819,0.016838951
3173,0.056717552,0.045767207
3174,0.04681963,0.047196712
3175,0.050553367,0.021165892
3176,0.039676223,0.011143988
3177,0.040944282,0.06861623
3178,0.05877463,0.04356915
3179,0.057732,0.033685587
3180,0.10627056,0.08368751
3181,0.011947953,0.009253353
3182,0.03192696,0.009745225
3183,0.054040536,0.0657111
3184,0.061226215,0.031272337
3185,0.06223362,0.041778427
3186,0.21661301,0.28510165
3187,0.06623506,0.050217114
3188,0.2194098,0.2881374
3189,0.03739371,0.011574376
3190,0.13966988,0.12724128
3191,0.011313923,0.006870845
3192,0.020021275,0.014149022
3193,0.012194521,0.0012143104
3194,0.14830679,0.22800599
3195,0.07442109,0.097175576
3196,0.021070948,0.010598317
3197,0.055231106,0.0795527
3198,0.029672628,0.007524113
3199,0.008932786,0.0021673136
3200,0.0399087,0.012573493
3201,0.033716336,0.06119202
3202,0.07777441,0.059531953
3203,0.043198615,0.030588325
3204,0.057717912,0.035261117
3205,0.017062467,0.01805326
3206,0.07270921,0.09217231
3207,0.016012793,0.006916958
3208,0.057020478,0.036575336
3209,0.06723542,0.04933328
3210,0.1244461,0.076824345
3211,0.035695918,0.044061024
3212,0.045248646,0.05801022
3213,0.057133194,0.055320293
3214,0.047439575,0.037259348
3215,0.12022628,0.12707989
3216,0.01581554,0.016723668
3217,0.0664464,0.057610575
3218,0.11297015,0.1611267
3219,0.045734737,0.09627637
3220,0.05201164,0.053468086
3221,0.09113132,0.045067824
3222,0.10415713,0.14265074
3223,0.06498109,0.05774123
3224,0.07160318,0.037758905
3225,0.021923367,0.013872344
3226,0.12205792,0.0860777
3227,0.19042754,0.18900204
3228,0.015174464,0.0065403683
3229,0.028080508,0.010997963
3230,0.044551212,0.045621183
3231,0.07381524,0.016477732
3232,0.2767191,0.4266303
3233,0.035752278,0.04148638
3234,0.13321686,0.24654344
3235,0.0313986,0.038373746
3236,0.0117154755,0.0017599815
3237,0.04562202,0.017031088
3238,0.10910256,0.11042539
3239,0.01089828,0.002052031
3240,0.081494056,0.028528608
3241,0.03477305,0.02961995
3242,0.12199452,0.119786344
3243,0.13079345,0.20780848
3244,0.032300334,0.014710064
3245,0.014836314,0.02181916
3246,0.02475537,0.0035430195
3247,0.092230305,0.06244476
3248,0.012279058,0.011743458
3249,0.09137789,0.117334664
3250,0.17161094,0.14971371
3251,0.30584928,0.27992928
3252,0.12857434,0.17589824
3253,0.048623096,0.047365792
3254,0.049059875,0.078937866
3255,0.02472719,0.035837527
3256,0.02507943,0.044107135
3257,0.06416389,0.048818354
3258,0.12291034,0.10782769
3259,0.11981063,0.21110556
3260,0.05160304,0.06837029
3261,0.079000205,0.041709255
3262,0.051800296,0.03237905
3263,0.17839506,0.10330861
3264,0.15700005,0.1426661
3265,0.04883444,0.047273565
3266,0.07964832,0.05007109
3267,0.03776004,0.021488683
3268,0.007615411,0.0026668715
3269,0.07876068,0.04531376
3270,0.10150124,0.0560581
3271,0.05148328,0.06630289
3272,0.10608035,0.08152788
3273,0.004212781,0.0019751757
3274,0.058429435,0.115828305
3275,0.018281214,0.019121546
3276,0.09266709,0.09980402
3277,0.021141395,0.013457326
3278,0.022353098,0.011205472
3279,0.23647225,0.19819391
3280,0.038556103,0.037420742
3281,0.094470546,0.14451063
3282,0.10185348,0.07975253
3283,0.027446477,0.00943012
3284,0.0177599,0.011182415
3285,0.07906361,0.082888216
3286,0.04028912,0.023948045
3287,0.1270245,0.18566653
3288,0.014209329,0.013864658
3289,0.03349795,0.0044037965
3290,0.099556886,0.102686085
3291,0.026417939,0.024224725
3292,0.08350182,0.10260923
3293,0.039887566,0.0037658995
3294,0.031934004,0.026837798
3295,0.0138782235,0.0058794143
3296,0.056703463,0.08105138
3297,0.027869165,0.021842217
3298,0.0983804,0.16048111
3299,0.07480151,0.039219152
3300,0.023649339,0.0032970833
3301,0.036999203,0.07236675
3302,0.09340679,0.03706721
3303,0.04304363,0.02950467
3304,0.07199065,0.05738001
3305,0.028510239,0.03766668
3306,0.014448851,0.005318372
3307,0.061106455,0.048380278
3308,0.03204672,0.04964839
3309,0.050694264,0.08712293
3310,0.049292352,0.04214733
3311,0.36301064,0.25371403
3312,0.10477707,0.11385313
3313,0.009686577,0.007493371
3314,0.1439672,0.26831648
3315,0.057210688,0.030065712
3316,0.08388224,0.013880029
3317,0.09305455,0.062975064
3318,0.038401116,0.023794336
3319,0.034674425,0.027375784
3320,0.06407231,0.109864354
3321,0.11550628,0.141667
3322,0.04020458,0.022218807
3323,0.0530754,0.07232064
3324,0.048601963,0.021242747
3325,0.01858414,0.003981094
3326,0.06660139,0.057864197
3327,0.040430013,0.014218192
3328,0.12247357,0.13862352
3329,0.10449528,0.039695654
3330,0.071370706,0.03337048
3331,0.023339368,0.00929178
3332,0.036942847,0.06475041
3333,0.05372352,0.056035046
3334,0.0046918257,0.0014218192
3335,0.0203242,0.024340007
3336,0.07442814,0.110240944
3337,0.049679816,0.051746532
3338,0.049848888,0.03316297
3339,0.08126862,0.07459555
3340,0.011173027,0.009191869
3341,0.059549555,0.0522922
3342,0.24789184,0.2764708
3343,0.04490345,0.06810898
3344,0.08740463,0.0736118
3345,0.121649325,0.17396918
3346,0.024536982,0.017768897
3347,0.093829475,0.24114053
3348,0.09864106,0.020889213
3349,0.061458692,0.10566038
3350,0.053293787,0.030918803
3351,0.023191428,0.017146371
3352,0.10535474,0.10298582
3353,0.35331702,0.42703763
3354,0.1956266,0.23485379
3355,0.13175154,0.16705991
3356,0.14570022,0.12668793
3357,0.054519583,0.08099758
3358,0.09144834,0.068139724
3359,0.059239585,0.04652807
3360,0.0336952,0.003427737
3361,0.28383434,0.18308419
3362,0.08680583,0.039349806
3363,0.16264996,0.20943011
3364,0.07817596,0.043323215
3365,0.011328012,0.0065557393
3366,0.062402695,0.038166236
3367,0.07959197,0.05996234
3368,0.032229885,0.055312607
3369,0.07082825,0.03695961
3370,0.028503194,0.008100526
3371,0.0074463366,0.0065403683
3372,0.011919774,0.008500173
3373,0.029961465,0.058824886
3374,0.05700639,0.0062713753
3375,0.025614833,0.018176228
3376,0.044818915,0.06641048
3377,0.09017323,0.06859317
3378,0.05484364,0.07066826
3379,0.054315284,0.027913768
3380,0.06780604,0.12225339
3381,0.05360376,0.041217383
3382,0.13733101,0.1559313
3383,0.1873349,0.1725243
3384,0.14169173,0.14115974
3385,0.07129321,0.05248434
3386,0.18327005,0.27752373
3387,0.13967693,0.16789763
3388,0.17414,0.24902587
3389,0.19914195,0.21982093
3390,0.14278367,0.16081928
3391,0.054329373,0.04851093
3392,0.14118451,0.10169466
3393,0.0698913,0.045920916
3394,0.034815323,0.038258463
3395,0.057886988,0.07956807
3396,0.062289976,0.06383584
3397,0.06258586,0.045444414
3398,0.035139382,0.05089344
3399,0.026734954,0.033877723
3400,0.014286822,0.013349729
3401,0.10601695,0.09495446
3402,0.051920056,0.04510625
3403,0.12122664,0.14621681
3404,0.05238501,0.03766668
3405,0.13955012,0.118157014
3406,0.15271682,0.049563847
3407,0.03561138,0.026030818
3408,0.16744041,0.15601583
3409,0.087721646,0.077185564
3410,0.026072744,0.061530184
3411,0.06285356,0.12831725
3412,0.14971574,0.10034969
3413,0.009489324,0.005026323
3414,0.02865818,0.013864658
3415,0.10398101,0.1011951
3416,0.09343497,0.12479729
3417,0.037661415,0.023194866
3418,0.072011776,0.035583906
3419,0.04803838,0.039987702
3420,0.018133273,0.011989394
3421,0.018034646,0.0077393074
3422,0.07368139,0.05679591
3423,0.018809572,0.043146446
3424,0.053469907,0.026607232
3425,0.10068405,0.16763632
3426,0.02409316,0.0029819775
3427,0.10670734,0.11572839
3428,0.26980114,0.3394305
3429,0.018809572,0.027744688
3430,0.23123798,0.3402836
3431,0.03511825,0.04615148
3432,0.11214591,0.105076276
3433,0.086996034,0.064589016
3434,0.06686909,0.068523996
3435,0.017957153,0.015962802
3436,0.15625331,0.17927986
3437,0.051476233,0.061099797
3438,0.12994103,0.17947969
3439,0.13607,0.13139147
3440,0.019943783,0.015378703
3441,0.0498348,0.024670484
3442,0.0117718335,0.019705646
3443,0.068031475,0.06800907
3444,0.11430866,0.07750067
3445,0.022113577,0.00913807
3446,0.073878646,0.075248815
3447,0.08491078,0.09543096
3448,0.09153992,0.054159783
3449,0.059570692,0.04528302
3450,0.1212055,0.20079161
3451,0.020817336,0.0044652806
3452,0.094111264,0.09292549
3453,0.012300192,0.020036122
3454,0.17151935,0.2427468
3455,0.08637609,0.042155016
3456,0.03537186,0.033063058
3457,0.14981437,0.2034969
3458,0.079366535,0.10531453
3459,0.051715758,0.033055373
3460,0.096203566,0.15532413
3461,0.036618784,0.012412097
3462,0.1492367,0.12429774
3463,0.063290335,0.0343158
3464,0.034730785,0.016623756
3465,0.06416389,0.064489104
3466,0.048348352,0.026783999
3467,0.04519933,0.07406525
3468,0.010848966,0.0015678438
3469,0.06286765,0.05983937
3470,0.011539356,0.015909003
3471,0.12707381,0.090312414
3472,0.05476615,0.01478692
3473,0.04647444,0.015440187
3474,0.018816616,0.0069707567
3475,0.03568183,0.012527379
3476,0.043276105,0.019874725
3477,0.0685387,0.13620259
3478,0.031891737,0.035222687
3479,0.035660695,0.021619337
3480,0.043290194,0.069707565
3481,0.081888564,0.12830189
3482,0.09552022,0.12239173
3483,0.15773271,0.1500365
3484,0.03385723,0.027421895
3485,0.0077774413,7.685509e-05
3486,0.047932707,0.04924874
3487,0.11537242,0.12369058
3488,0.017788079,0.024578258
3489,0.047016885,0.022464743
3490,0.064403415,0.030857319
3491,0.054907043,0.08377973
3492,0.052082084,0.05326826
3493,0.027143551,0.015409445
3494,0.023275966,0.014564039
3495,0.032835737,0.017307766
3496,0.06481905,0.025523575
3497,0.047707275,0.04249318
3498,0.110046566,0.11333051
3499,0.025382355,0.034261998
3500,0.095210254,0.11648926
3501,0.08090934,0.11162433
3502,0.12334007,0.11794182
3503,0.056146927,0.032040887
3504,0.14820816,0.16142642
3505,0.061634813,0.08191215
3506,0.11087081,0.09067363
3507,0.14241031,0.18932483
3508,0.05850693,0.033193715
3509,0.082980506,0.020374285
3510,0.09417467,0.0925489
3511,0.009017323,0.0067094495
3512,0.15537974,0.13395841
3513,0.08759484,0.054636285
3514,0.3184172,0.24727356
3515,0.10225504,0.1674288
3516,0.020528499,0.029443186
3517,0.061000783,0.10879607
3518,0.09516798,0.13554932
3519,0.14065616,0.11097875
3520,0.07484378,0.047004573
3521,0.124904014,0.12391346
3522,0.010433325,0.0022057411
3523,0.0974998,0.10260154
3524,0.14977211,0.18502863
3525,0.05947911,0.053406604
3526,0.040873837,0.09979633
3527,0.028601822,0.04411482
3528,0.021317516,0.018683473
3529,0.058027882,0.038012527
3530,0.017104736,0.019221459
3531,0.16196662,0.16299428
3532,0.02568528,0.026968451
3533,0.049088053,0.051070206
3534,0.108419225,0.0962072
3535,0.03966918,0.02640741
3536,0.035569113,0.011197787
3537,0.017809214,0.006870845
3538,0.054230746,0.07218999
3539,0.15635897,0.18564346
3540,0.04189533,0.022902817
3541,0.16618645,0.27904546
3542,0.04002846,0.069638394
3543,0.06074717,0.053829305
3544,0.026629282,0.025638858
3545,0.16867326,0.25279176
3546,0.051180355,0.024585944
3547,0.04397354,0.014402644
3548,0.10565062,0.15278792
3549,0.08517143,0.09263344
3550,0.03658356,0.027068364
3551,0.05014477,0.05481305
3552,0.0727867,0.090043426
3553,0.16427732,0.1726396
3554,0.042585716,0.099450484
3555,0.073758885,0.07081428
3556,0.08318481,0.07901472
3557,0.018689811,0.007308919
3558,0.044100344,0.015801406
3559,0.08528415,0.054874536
3560,0.022036083,0.019244514
3561,0.06030335,0.026138416
3562,0.14469281,0.2019598
3563,0.11272358,0.15397917
3564,0.18241058,0.22459362
3565,0.1372042,0.16397034
3566,0.09161741,0.03877339
3567,0.012131117,0.051446795
3568,0.10367104,0.09098874
3569,0.04740435,0.11871037
3570,0.16831397,0.09769051
3571,0.0397044,0.017123314
3572,0.09536523,0.10128732
3573,0.058443524,0.026699457
3574,0.23360503,0.21568613
3575,0.033110484,0.017891865
3576,0.062924005,0.037589826
3577,0.046573065,0.059831686
3578,0.050849248,0.039887793
3579,0.021909278,0.04023364
3580,0.050694264,0.077908
3581,0.06830622,0.018475963
3582,0.009848608,0.0024286208
3583,0.09256142,0.08238097
3584,0.02587549,0.0023594513
3585,0.04120494,0.06032356
3586,0.07883113,0.08089767
3587,0.07187793,0.047803868
3588,0.054998625,0.05005572
3589,0.049383935,0.04873381
3590,0.02426928,0.022495484
3591,0.09642196,0.04071014
3592,0.035456397,0.013380471
3593,0.019225216,0.011228529
3594,0.08569275,0.11356108
3595,0.07210336,0.05721093
3596,0.031123854,0.019744072
3597,0.13191357,0.09656842
3598,0.061155766,0.040786996
3599,0.075766645,0.042815972
3600,0.33815667,0.33721706
3601,0.06957428,0.06461976
3602,0.09283616,0.14114437
3603,0.05594263,0.026906967
3604,0.112934925,0.103185646
3605,0.11173731,0.16960381
3606,0.10341743,0.08057488
3607,0.026340446,0.015493986
3608,0.021070948,0.021865273
3609,0.076252736,0.08709219
3610,0.053498086,0.040441148
3611,0.02733376,0.017838066
3612,0.06242383,0.06787073
3613,0.07361799,0.123006575
3614,0.18021262,0.13538024
3615,0.14135358,0.16086538
3616,0.012624253,0.0047342735
3617,0.06687613,0.06219114
3618,0.096217655,0.09802867
3619,0.116661616,0.08896745
3620,0.034244694,0.026415095
3621,0.17318192,0.19182262
3622,0.1162812,0.17762749
3623,0.06565034,0.09416286
3624,0.06310717,0.06627215
3625,0.17137142,0.1611805
3626,0.012363595,0.018575875
3627,0.13270964,0.16944242
3628,0.09301932,0.14663951
3629,0.070750766,0.106190674
3630,0.047411393,0.033601046
3631,0.014751777,0.012073935
3632,0.06631255,0.081220455
3633,0.05654848,0.034530994
3634,0.05987362,0.046981517
3635,0.0214725,0.013011566
3636,0.19478826,0.19648004
3637,0.020112857,0.0027283556
3638,0.06147278,0.038619682
3639,0.082994595,0.05488222
3640,0.07859865,0.089182645
3641,0.054287102,0.041386466
3642,0.022078352,0.023133382
3643,0.022543307,0.0039503514
3644,0.031271793,0.053406604
3645,0.03585795,0.010298582
3646,0.042240523,0.033639472
3647,0.018767303,0.02074319
3648,0.06274084,0.12676479
3649,0.05728818,0.031018713
3650,0.013899358,0.0018214657
3651,0.13545005,0.09708335
3652,0.10822197,0.13789341
3653,0.031905826,0.02950467
3654,0.05388555,0.024770396
3655,0.1206067,0.12864006
3656,0.08218445,0.02416324
3657,0.0146320155,0.0032355993
3658,0.112420656,0.13970718
3659,0.021845873,0.0137647465
3660,0.059310034,0.061514813
3661,0.19613382,0.15850593
3662,0.038471565,0.06159167
3663,0.1490183,0.105914
3664,0.057605196,0.052584253
3665,0.08059233,0.12943934
3666,0.028989285,0.05010183
3667,0.023966353,0.013088422
3668,0.13681674,0.10916497
3669,0.16536926,0.066487335
3670,0.050722443,0.025992392
3671,0.032462362,0.029865887
3672,0.064523175,0.095123544
3673,0.018147362,0.017776582
3674,0.023353457,0.017000346
3675,0.06760175,0.07441878
3676,0.023275966,0.021911386
3677,0.04219121,0.04373823
3678,0.062085677,0.16559966
3679,0.03901401,0.026737886
3680,0.035125293,0.026538063
3681,0.010081085,0.009353264
3682,0.029757166,0.010744342
3683,0.13729578,0.18178535
3684,0.023874773,0.019282943
3685,0.033512037,0.036974985
3686,0.0530754,0.015209623
3687,0.02764373,0.0043884255
3688,0.06437524,0.08610076
3689,0.029102001,0.05267648
3690,0.01611142,0.0022825962
3691,0.014779956,0.005748761
3692,0.19190696,0.27374247
3693,0.17121643,0.20199054
3694,0.030658899,0.04036429
3695,0.05487182,0.09937363
3696,0.08452331,0.08836798
3697,0.115661256,0.11252353
3698,0.03157472,0.033493448
3699,0.06305786,0.060746264
3700,0.040965416,0.05933213
3701,0.0048115873,0.003819698
3702,0.076365456,0.08200438
3703,0.0690107,0.09987319
3704,0.011299833,0.007516428
3705,0.1778808,0.27463397
3706,0.08666493,0.11762671
3707,0.05835899,0.083172575
3708,0.051659398,0.049241055
3709,0.031518362,0.029735234
3710,0.031948093,0.026015447
3711,0.06027517,0.025615802
3712,0.057957437,0.078561276
3713,0.1263341,0.06370518
3714,0.012666521,0.016454674
3715,0.0049947514,0.0026207585
3716,0.015533748,0.010905737
3717,0.06810193,0.09335588
3718,0.06066263,0.05337586
3719,0.16543266,0.082065865
3720,0.15286475,0.2588095
3721,0.07735877,0.067355804
3722,0.24962486,0.26315182
3723,0.015371718,0.010083388
3724,0.015082882,0.002736041
3725,0.087115794,0.05804865
3726,0.032300334,0.044406872
3727,0.08327639,0.059524268
3728,0.049989786,0.065311454
3729,0.035886128,0.03439265
3730,0.111533016,0.12895516
3731,0.049757306,0.054105982
3732,0.0699547,0.043922685
3733,0.026086833,0.005741075
3734,0.13891609,0.24763478
3735,0.04619969,0.051577453
3736,0.05310358,0.018068632
3737,0.035780456,0.008423318
3738,0.111913435,0.14545594
3739,0.076379545,0.04829574
3740,0.08592523,0.053091496
3741,0.021620441,0.017914921
3742,0.13666175,0.1557699
3743,0.018175542,0.024977904
3744,0.027974837,0.026184529
3745,0.063536905,0.08712293
3746,0.16806036,0.20063022
3747,0.08903198,0.08804519
3748,0.030997049,0.025246898
3749,0.079373576,0.06440456
3750,0.064276606,0.036698304
3751,0.059063468,0.028267302
3752,0.0794088,0.11712716
3753,0.038633592,0.05390616
3754,0.05609761,0.06365138
3755,0.061578453,0.03660608
3756,0.030391198,0.04572109
3757,0.048637185,0.049702186
3758,0.07823937,0.05397533
3759,0.055512894,0.043230988
3760,0.07755602,0.10818122
3761,0.11737314,0.12112362
3762,0.10939845,0.15160435
3763,0.03241305,0.021742305
3764,0.13859203,0.15421742
3765,0.04116267,0.04731199
3766,0.042127807,0.03788956
3767,0.07816892,0.08228874
3768,0.08052892,0.072074704
3769,0.028411612,0.026015447
3770,0.074505635,0.15166584
3771,0.07792235,0.054144412
3772,0.049052827,0.042862084
3773,0.023184383,0.025462091
3774,0.013631657,0.020497253
3775,0.042494137,0.03542251
3776,0.0442976,0.020658648
3777,0.08728487,0.11552089
3778,0.079486296,0.084748104
3779,0.036365174,0.03296315
3780,0.062388603,0.05183876
3781,0.027446477,0.005794874
3782,0.088722005,0.07431887
3783,0.023388682,0.013342043
3784,0.08941944,0.035207316
3785,0.08493896,0.13206778
3786,0.12585506,0.10413865
3787,0.21057563,0.26352072
3788,0.065777145,0.04813434
3789,0.016181868,0.014917573
3790,0.106171936,0.1276025
3791,0.3078782,0.35464013
3792,0.02363525,0.012696461
3793,0.17204066,0.17302386
3794,0.12017696,0.14718518
3795,0.061775707,0.030088767
3796,0.054378685,0.040418092
3797,0.07654862,0.014110594
3798,0.10285384,0.13119933
3799,0.02437495,0.0102294125
3800,0.016181868,0.008354148
3801,0.11213182,0.1406525
3802,0.08539687,0.025953963
3803,0.030053047,0.036275603
3804,0.04239551,0.021465627
3805,0.20738435,0.26780155
3806,0.10228322,0.07484917
3807,0.036618784,0.025577374
3808,0.11449183,0.1750221
3809,0.051962323,0.05994697
3810,0.049693905,0.05979326
3811,0.12171977,0.1261807
3812,0.084628984,0.079314455
3813,0.065664425,0.047773123
3814,0.07375184,0.09241056
3815,0.009848608,0.01812243
3816,0.015230822,0.02430158
3817,0.0408527,0.021627022
3818,0.02968672,0.013626408
3819,0.01696384,0.006086923
3820,0.016442524,0.0069861277
3821,0.08606612,0.05241517
3822,0.035125293,0.04649733
3823,0.084981225,0.13548784
3824,0.20672213,0.19063136
3825,0.01599166,0.0071936366
3826,0.24928671,0.30366215
3827,0.074139304,0.16702917
3828,0.19757096,0.25728777
3829,0.0618532,0.034677017
3830,0.07809847,0.05163125
3831,0.029855793,0.02734504
3832,0.13185722,0.10118741
3833,0.25461257,0.2366445
3834,0.026558835,0.0065096263
3835,0.03982416,0.059970025
3836,0.01385709,0.0063174884
3837,0.035040755,0.032863237
3838,0.040049594,0.051393
3839,0.0147165535,0.00944549
3840,0.12622139,0.08431003
3841,0.05235683,0.04482189
3842,0.043367688,0.044860315
3843,0.11138508,0.39153826
3844,0.09044798,0.11522884
3845,0.091589235,0.090020366
3846,0.08109251,0.1096261
3847,0.15428077,0.15758367
3848,0.09039866,0.18212351
3849,0.06622801,0.039488144
3850,0.063410096,0.027076049
3851,0.029707853,0.040802367
3852,0.024586296,0.018045574
3853,0.18377727,0.12585789
3854,0.05120149,0.030211736
3855,0.08992667,0.030350074
3856,0.09437192,0.107551016
3857,0.092962965,0.14461823
3858,0.07172294,0.06593398
3859,0.07318826,0.09134228
3860,0.024234056,0.018368367
3861,0.08742577,0.0817815
3862,0.024811728,0.011851055
3863,0.0124129085,0.008646198
3864,0.05531564,0.018783383
3865,0.050278623,0.049755987
3866,0.16177641,0.095477074
3867,0.050567456,0.12112362
3868,0.1929214,0.3459017
3869,0.038013652,0.061045997
3870,0.094850965,0.11788802
3871,0.06958133,0.09257196
3872,0.06464998,0.084071785
3873,0.08382588,0.09177266
3874,0.080874115,0.098343775
3875,0.031060452,0.01404911
3876,0.09800703,0.09612266
3877,0.16117056,0.2438074
3878,0.016203003,0.011743458
3879,0.07746444,0.12984668
3880,0.050828114,0.032148484
3881,0.087968215,0.11293087
3882,0.014181149,0.013833916
3883,0.034646247,0.023494601
3884,0.12682019,0.04567498
3885,0.07609071,0.08258848
3886,0.023149159,0.04483726
3887,0.068545744,0.06279061
3888,0.08357932,0.045651924
3889,0.008608726,0.0017984092
3890,0.09178649,0.03646774
3891,0.025988206,0.016954232
3892,0.06805261,0.04784998
3893,0.0359918,0.056396265
3894,0.029094957,0.005425969
3895,0.01693566,0.002643815
3896,0.1082431,0.08895208
3897,0.05238501,0.033470392
3898,0.10274817,0.12095454
3899,0.020915963,0.030096453
3900,0.15093449,0.10956462
3901,0.041211985,0.03773585
3902,0.020979365,0.039388232
3903,0.015209688,0.012481267
3904,0.07659089,0.07830765
3905,0.045805182,0.015509357
3906,0.03721759,0.010237098
3907,0.10210005,0.15658456
3908,0.0636144,0.051846445
3909,0.04163467,0.023763593
3910,0.009179353,0.004196288
3911,0.040000282,0.039518885
3912,0.03218057,0.042447068
3913,0.059295945,0.07989086
3914,0.073371425,0.05299927
3915,0.0833891,0.01404911
3916,0.029623315,0.03564539
3917,0.11966974,0.27295086
3918,0.11981768,0.25937825
3919,0.096196525,0.13175268
3920,0.0366681,0.032279138
3921,0.0056569614,0.0068324176
3922,0.20252344,0.18314567
3923,0.20502435,0.23679821
3924,0.085481405,0.08359528
3925,0.069532014,0.16676787
3926,0.019591544,0.0077700494
3927,0.13778187,0.22386351
3928,0.011954998,0.010982593
3929,0.045396585,0.064612076
3930,0.15349175,0.3224148
3931,0.066397086,0.068208896
3932,0.03420947,0.058671176
3933,0.040260937,0.035384085
3934,0.044938676,0.03815855
3935,0.015871897,0.0012604235
3936,0.08726373,0.052153863
3937,0.036823083,0.014909888
3938,0.03758392,0.01086731
3939,0.10937027,0.09261038
3940,0.106573485,0.15852131
3941,0.10564358,0.2047727
3942,0.20658123,0.35224992
3943,0.03027848,0.020604849
3944,0.022078352,0.019667218
3945,0.07263172,0.100288205
3946,0.016844077,0.0049802097
3947,0.024297459,0.039818622
3948,0.10835582,0.12983899
3949,0.18578504,0.1988318
3950,0.14472099,0.095976636
3951,0.103678085,0.17293164
3952,0.11050448,0.10970295
3953,0.08176176,0.12901664
3954,0.07804211,0.102271065
3955,0.07482265,0.050732046
3956,0.05146919,0.065311454
3957,0.05843648,0.0491104
3958,0.12570712,0.13286708
3959,0.23991011,0.41975945
3960,0.19132929,0.12319102
3961,0.10035999,0.058210045
3962,0.034780096,0.052130807
3963,0.03126475,0.019605733
3964,0.018478468,0.024609
3965,0.12562259,0.12687238
3966,0.065523535,0.0213734
3967,0.13724647,0.13058448
3968,0.12608753,0.14534067
3969,0.08493191,0.08504016
3970,0.037752997,0.06436614
3971,0.052758384,0.034146715
3972,0.01874617,0.024877993
3973,0.02178247,0.005387542
3974,0.03827431,0.022526227
3975,0.07935949,0.067355804
3976,0.024706056,0.020866157
3977,0.13259692,0.19319832
3978,0.017837392,0.005502824
3979,0.03434332,0.042908195
3980,0.063304424,0.040187526
3981,0.033469766,0.032263767
3982,0.039640997,0.077662066
3983,0.017900795,0.005694962
3984,0.14485484,0.4846943
3985,0.098951034,0.10928794
3986,0.064523175,0.06677939
3987,0.09530184,0.030296277
3988,0.043156344,0.030780463
3989,0.022768741,0.024101757
3990,0.09402673,0.08981286
3991,0.13533734,0.18256927
3992,0.12392479,0.10358529
3993,0.052723162,0.053560313
3994,0.03792207,0.018222341
3995,0.052025728,0.06202974
3996,0.046749186,0.0427468
3997,0.036365174,0.040379666
3998,0.07478038,0.06124582
3999,0.16660209,0.16852784
4000,0.026389759,0.007132152
4001,0.15295634,0.18519002
4002,0.16729248,0.19737156
4003,0.062522456,0.09203397
4004,0.038020696,0.02742958
4005,0.044847094,0.026776314
4006,0.051194444,0.063413136
4007,0.030680032,0.002866695
4008,0.098338135,0.08793759
4009,0.2182967,0.43348578
4010,0.11127236,0.1328056
4011,0.10866579,0.10380048
4012,0.03846452,0.020681705
4013,0.05743612,0.026707144
4014,0.09997957,0.17444569
4015,0.009954279,0.0048111286
4016,0.20964572,0.13478076
4017,0.13130067,0.21678515
4018,0.04123312,0.060969144
4019,0.02170498,0.029051224
4020,0.03997915,0.016400876
4021,0.02409316,0.004019521
4022,0.078387305,0.04211659
4023,0.041965775,0.03660608
4024,0.06188138,0.08730738
4025,0.13623907,0.11628175
4026,0.054674566,0.08344926
4027,0.09144834,0.084909506
4028,0.083473645,0.15696883
4029,0.08843317,0.11190101
4030,0.020338291,0.015716866
4031,0.07095506,0.0626907
4032,0.056316,0.048949007
4033,0.14676398,0.11995542
4034,0.09000415,0.067332745
4035,0.027164686,0.015816778
4036,0.052349787,0.041440263
4037,0.02244468,0.016862007
4038,0.11085672,0.09380932
4039,0.059140958,0.038204666
4040,0.021690888,0.018537447
4041,0.028545463,0.0044037965
4042,0.015533748,0.016516158
4043,0.040796343,0.018268455
4044,0.11733087,0.119317524
4045,0.073145986,0.06506552
4046,0.018076915,0.011051762
4047,0.05064495,0.055281866
4048,0.039972104,0.030534526
4049,0.011356192,0.0049417824
4050,0.060845796,0.03157207
4051,0.04176852,0.04147101
4052,0.013673925,0.0018598932
4053,0.1707726,0.09205703
4054,0.090342306,0.019037006
4055,0.06729882,0.044675864
4056,0.040331386,0.023556085
4057,0.02298713,0.03059601
4058,0.038372938,0.058540523
4059,0.07017309,0.10916497
4060,0.10993385,0.094731584
4061,0.09827473,0.10800446
4062,0.030024868,0.009237981
4063,0.059162095,0.065273024
4064,0.0139204925,0.0065864814
4065,0.010637623,0.0048572416
4066,0.05254704,0.055058986
4067,0.05058155,0.041809168
4068,0.010398101,0.014010683
4069,0.02069053,0.020043807
4070,0.08006397,0.044583637
4071,0.08202946,0.03182569
4072,0.07497059,0.052223034
4073,0.05214549,0.06726357
4074,0.1507936,0.14503324
4075,0.07841549,0.05323752
4076,0.056323044,0.06063098
4077,0.055984896,0.053737078
4078,0.06646753,0.05864043
4079,0.13447787,0.2178227
4080,0.2753172,0.3129693
4081,0.044966854,0.021834532
4082,0.24656038,0.30621374
4083,0.038253177,0.023694424
4084,0.04649557,0.03838143
4085,0.052835878,0.053721707
4086,0.07927495,0.06594935
4087,0.07099733,0.11606656
4088,0.06530514,0.025546633
4089,0.11211773,0.08211198
4090,0.16002226,0.18200053
4091,0.07057464,0.069653764
4092,0.048087694,0.06913115
4093,0.12651023,0.19878569
4094,0.033328872,0.013126849
4095,0.07460426,0.10248626
4096,0.07035626,0.06463513
4097,0.040655445,0.0137954885
4098,0.015998704,0.008584714
4099,0.030813884,0.02929716
4100,0.084234476,0.09697575
4101,0.102579094,0.064535215
4102,0.054963402,0.0170772
4103,0.077499665,0.024839565
4104,0.095597714,0.13854668
4105,0.027446477,0.012273758
4106,0.042240523,0.057502978
4107,0.09230076,0.099104635
4108,0.12117732,0.11123237
4109,0.12561554,0.18107827
4110,0.10302996,0.08057488
4111,0.149441,0.12645736
4112,0.013152611,0.0062175766
4113,0.1339918,0.16061945
4114,0.05014477,0.12963916
4115,0.065889865,0.028259616
4116,0.072751485,0.072904736
4117,0.028517283,0.01767667
4118,0.008721442,0.00041501748
4119,0.094329655,0.19329055
4120,0.0726599,0.062475502
4121,0.061007828,0.014456443
4122,0.054435045,0.041609347
4123,0.08950397,0.081212774
4124,0.036231324,0.029243361
4125,0.061620723,0.06641817
4126,0.12846163,0.14563271
4127,0.12198043,0.11785728
4128,0.043114077,0.016562272
4129,0.03469556,0.00732429
4130,0.21801493,0.30036506
4131,0.08949693,0.042008992
4132,0.11306878,0.090742804
4133,0.123516195,0.12566575
4134,0.019739484,0.005364485
4135,0.093195446,0.06945395
4136,0.09215986,0.1619798
4137,0.11847917,0.050232485
4138,0.2110899,0.26382047
4139,0.14768684,0.10063405
4140,0.052124355,0.041355725
4141,0.054294147,0.07073742
4142,0.033779737,0.023317834
4143,0.1404589,0.1599585
4144,0.10906734,0.050901126
4145,0.014364314,0.014218192
4146,0.23235105,0.14965223
4147,0.018943423,0.01676978
4148,0.10812334,0.060654037
4149,0.09753503,0.09051224
4150,0.031814244,0.012143104
4151,0.090969294,0.055327978
4152,0.02247286,0.016116513
4153,0.040415924,0.03674442
4154,0.04951074,0.036636822
4155,0.028270718,0.029850516
4156,0.016188912,0.012558121
4157,0.16147348,0.18697307
4158,0.043367688,0.017261652
4159,0.051800296,0.04824194
4160,0.15876125,0.18516697
4161,0.14598905,0.26797065
4162,0.07430838,0.09140376
4163,0.098838314,0.06727126
4164,0.15242094,0.12038581
4165,0.03727395,0.0037812705
4166,0.040739983,0.073281325
4167,0.06526992,0.047550242
4168,0.03189878,0.06282903
4169,0.041698076,0.057103332
4170,0.047841124,0.026591862
4171,0.2338375,0.24256235
4172,0.36491275,0.6054721
4173,0.03988052,0.038166236
4174,0.09001824,0.14566346
4175,0.024029758,0.014986742
4176,0.06579828,0.017961035
4177,0.04088088,0.012143104
4178,0.015611241,0.0062560043
4179,0.027157642,0.02657649
4180,0.042374372,0.064950235
4181,0.03280756,0.057579834
4182,0.048792172,0.03706721
4183,0.045805182,0.036321715
4184,0.06374825,0.08191984
4185,0.14372063,0.15350267
4186,0.06097965,0.13685586
4187,0.039859384,0.02640741
4188,0.047932707,0.06785536
4189,0.051948234,0.06920801
4190,0.013793686,0.007908389
4191,0.1401137,0.16302502
4192,0.037471205,0.024370749
4193,0.051166262,0.010352381
4194,0.017456975,0.020750875
4195,0.09830996,0.02732967
4196,0.024339728,0.015409445
4197,0.038246132,0.025300695
4198,0.5072174,0.64022595
4199,0.11084967,0.08891366
4200,0.0154633,0.0076470813
4201,0.07485787,0.054152098
4202,0.008975054,0.0028052109
4203,0.095971085,0.1181109
4204,0.052899282,0.019598048
4205,0.025495073,0.013511125
4206,0.05547767,0.015847519
4207,0.066777505,0.072120816
4208,0.26732135,0.29321754
4209,0.040282074,0.014510241
4210,0.10347378,0.07577912
4211,0.024572205,0.012558121
4212,0.02671382,0.015609269
4213,0.039331026,0.037313145
4214,0.058767587,0.07460324
4215,0.040296163,0.0058486722
4216,0.006417798,0.00031510586
4217,0.10050088,0.087184414
4218,0.0875103,0.07980633
4219,0.06875709,0.06830112
4220,0.057795405,0.034254313
4221,0.08477693,0.085647315
4222,0.032920275,0.02590785
4223,0.014949031,0.01367252
4224,0.07797167,0.13198325
4225,0.022254473,0.01245821
4226,0.074625395,0.07655536
4227,0.020070588,0.0063098026
4228,0.15189962,0.26531914
4229,0.0052272296,0.012273758
4230,0.056379404,0.047634784
4231,0.3533734,0.34793067
4232,0.10808811,0.10875764
4233,0.10474889,0.070068784
4234,0.03270893,0.016170312
4235,0.14320636,0.1143988
4236,0.11726747,0.10463052
4237,0.08908129,0.1284556
4238,0.027749402,0.019551935
4239,0.021092081,0.013388157
4240,0.078267545,0.124167085
4241,0.07307554,0.0966837
4242,0.012673566,0.0045037083
4243,0.12700336,0.17658994
4244,0.09834518,0.04851093
4245,0.04432578,0.022856703
4246,0.012800372,0.005933213
4247,0.08558003,0.07368866
4248,0.04316339,0.025830995
4249,0.0521314,0.06160704
4250,0.09401968,0.0793452
4251,0.05519588,0.026053876
4252,0.0571966,0.03858894
4253,0.10166328,0.09606886
4254,0.06867255,0.047596358
4255,0.18133274,0.23528416
4256,0.37235203,0.38778773
4257,0.048989426,0.018621989
4258,0.03263144,0.08739961
4259,0.21652848,0.18661954
4260,0.09886649,0.07406525
4261,0.017471064,0.002021289
4262,0.15533043,0.117726624
4263,0.045720644,0.028943626
4264,0.044262376,0.019336741
4265,0.017048376,0.010790454
4266,0.03287096,0.04413019
4267,0.058795765,0.06964608
4268,0.011567535,0.0028436384
4269,0.09993026,0.08339546
4270,0.038950607,0.050977983
4271,0.09599927,0.09457019
4272,0.09418172,0.09805173
4273,0.17487971,0.29762134
4274,0.07357572,0.07378089
4275,0.07658384,0.072820194
4276,0.072652854,0.077362336
4277,0.10725683,0.15668447
4278,0.06708043,0.12780233
4279,0.049792532,0.050678246
4280,0.101564646,0.07269723
4281,0.055583343,0.08854475
4282,0.023515487,0.014072167
4283,0.060549915,0.06275987
4284,0.02460743,0.01796872
4285,0.06133893,0.035914384
4286,0.10965206,0.13983783
4287,0.051652353,0.06645659
4288,0.07528056,0.13401222
4289,0.05544245,0.073373556
4290,0.15073724,0.17187873
4291,0.058845077,0.015801406
4292,0.057034567,0.12104677
4293,0.011609804,0.0048264996
4294,0.030750481,0.0043730545
4295,0.039753713,0.034561735
4296,0.07218085,0.07628636
4297,0.12243834,0.100318946
4298,0.038851984,0.03496138
4299,0.025452804,0.029481612
4300,0.05232161,0.05645775
4301,0.17042741,0.2456596
4302,0.02555143,0.008553972
4303,0.033504993,0.03595281
4304,0.099592105,0.06866234
4305,0.01172252,0.0031433732
4306,0.038971744,0.019659532
4307,0.113301255,0.080813125
4308,0.004395945,0.0014525612
4309,0.14701055,0.18899435
4310,0.13515417,0.10261691
4311,0.04882035,0.019282943
4312,0.08134612,0.15420973
4313,0.03499144,0.054105982
4314,0.09254732,0.11286938
4315,0.03487168,0.017238596
4316,0.05425188,0.0718134
4317,0.04351563,0.02048188
4318,0.053815104,0.023402374
4319,0.033864275,0.021104408
4320,0.05229343,0.014963686
4321,0.07723901,0.08168159
4322,0.17032878,0.15587749
4323,0.043677658,0.026676401
4324,0.08239579,0.111793414
4325,0.11529493,0.0767936
4326,0.058443524,0.064504474
4327,0.13092731,0.07458018
4328,0.07947221,0.08099758
4329,0.14635538,0.16070399
4330,0.030715257,0.014156708
4331,0.045643155,0.03881182
4332,0.0820365,0.049656074
4333,0.047707275,0.008769166
4334,0.053392414,0.061583985
4335,0.016442524,0.007823848
4336,0.11782401,0.08688468
4337,0.0044100345,0.00027667833
4338,0.07385751,0.04789609
4339,0.019570408,0.01275026
4340,0.055794686,0.043169502
4341,0.11219522,0.14864543
4342,0.04163467,0.04608231
4343,0.052194804,0.03564539
4344,0.1767677,0.25916305
4345,0.111800715,0.17386927
4346,0.116041675,0.28297275
4347,0.08631974,0.08218883
4348,0.02098641,0.011336125
4349,0.05096901,0.01886024
4350,0.06386801,0.049563847
4351,0.037471205,0.012365984
4352,0.17506991,0.18937095
4353,0.09175126,0.15339507
4354,0.031757884,0.015148139
4355,0.038640637,0.032494333
4356,0.033187974,0.020013066
4357,0.0733362,0.05062445
4358,0.060451288,0.025323752
4359,0.032828692,0.022311032
4360,0.05199755,0.051608194
4361,0.12159297,0.11320755
4362,0.03715419,0.019567305
4363,0.10534769,0.0956769
4364,0.05082107,0.042815972
4365,0.04009891,0.061929833
4366,0.09138493,0.058163933
4367,0.043036584,0.042385582
4368,0.060768303,0.038750336
4369,0.025424624,0.024977904
4370,0.074745156,0.081643164
4371,0.10288907,0.046097685
4372,0.032208752,0.04951005
4373,0.09641491,0.15176575
4374,0.10043044,0.088859856
4375,0.013511895,0.019651847
4376,0.036174964,0.0368059
4377,0.019647902,0.011689659
4378,0.13678151,0.19516581
4379,0.040669538,0.06766322
4380,0.038077056,0.041855283
4381,0.047911573,0.08663874
4382,0.19187173,0.10689774
4383,0.17826825,0.16387042
4384,0.10908143,0.10578334
4385,0.073892735,0.057779655
4386,0.050919697,0.045405988
4387,0.06722837,0.07463398
4388,0.13955717,0.15844445
4389,0.10210005,0.10612919
4390,0.06059923,0.11081735
4391,0.08226194,0.07043
4392,0.08531233,0.06505015
4393,0.22994879,0.18374515
4394,0.074879006,0.064589016
4395,0.05761224,0.034185145
4396,0.119648606,0.14543289
4397,0.026340446,0.024808822
4398,0.034131978,0.0059408983
4399,0.20078339,0.10008838
4400,0.07330097,0.08394113
4401,0.06036675,0.059578065
4402,0.060225856,0.030619068
4403,0.056851406,0.023502287
4404,0.08329752,0.046059255
4405,0.09215282,0.09119625
4406,0.06337488,0.028005995
4407,0.08017668,0.07359643
4408,0.045128886,0.04307728
4409,0.05114513,0.02241863
4410,0.07980331,0.10698228
4411,0.11869051,0.09585367
4412,0.029545823,0.044483725
4413,0.028390478,0.0030972601
4414,0.08090229,0.085216925
4415,0.028355254,0.017561387
4416,0.30931532,0.3419744
4417,0.09344201,0.06816278
4418,0.11618257,0.2720747
4419,0.038675863,0.03875802
4420,0.11823965,0.10277063
4421,0.107432954,0.2095531
4422,0.10111378,0.07388848
4423,0.03473783,0.018022519
4424,0.11984586,0.19208393
4425,0.011581624,0.0030895746
4426,0.10504477,0.07116013
4427,0.15454847,0.27081427
4428,0.03304708,0.01146678
4429,0.035752278,0.008807593
4430,0.07002515,0.07201322
4431,0.06837667,0.116220266
4432,0.06897548,0.044414558
4433,0.21416143,0.24830343
4434,0.070391476,0.123736694
4435,0.14951144,0.09979633
4436,0.040437058,0.011658917
4437,0.067164965,0.09291012
4438,0.14264278,0.12900127
4439,0.048249725,0.03345502
4440,0.035555024,0.03383161
4441,0.051384654,0.06670253
4442,0.02652361,0.011589748
4443,0.048658323,0.007447258
4444,0.1507795,0.1197018
4445,0.044854138,0.08308035
4446,0.06767219,0.11084041
4447,0.011947953,0.008015986
4448,0.08003579,0.097214006
4449,0.0886586,0.08306498
4450,0.013561209,0.007378089
4451,0.03388541,0.025039388
4452,0.17308329,0.19624947
4453,0.13574594,0.1685432
4454,0.071257986,0.046896975
4455,0.0777885,0.04349998
4456,0.08491782,0.07160588
4457,0.055526987,0.04942551
4458,0.1631572,0.123429276
4459,0.03432923,0.062944315
4460,0.12308646,0.05714176
4461,0.08351591,0.15046689
4462,0.07059578,0.06876993
4463,0.029348569,0.03941129
4464,0.025847312,0.0068324176
4465,0.1029102,0.072120816
4466,0.02961627,0.008507858
4467,0.01599166,0.014640895
4468,0.023600025,0.031671982
4469,0.030081226,0.013641778
4470,0.07709812,0.104300044
4471,0.08926445,0.07550244
4472,0.16162847,0.1857818
4473,0.07895089,0.027644776
4474,0.12037422,0.26416633
4475,0.019429514,0.013142221
4476,0.067150876,0.041017562
4477,0.041803747,0.024439918
4478,0.016703183,0.013703262
4479,0.061592545,0.04952542
4480,0.029503554,0.0067171347
4481,0.044043988,0.015939746
4482,0.21837421,0.29953504
4483,0.050313845,0.03549168
4484,0.015681688,0.022810591
4485,0.020429872,0.01072897
4486,0.01694975,0.012350613
4487,0.09850721,0.19070822
4488,0.06889094,0.054459516
4489,0.031328153,0.015586212
4490,0.14789818,0.2562733
4491,0.15022297,0.1542789
4492,0.05986657,0.045782577
4493,0.09454804,0.11417592
4494,0.08958147,0.13140683
4495,0.17666909,0.13202168
4496,0.06485428,0.0811974
4497,0.13481602,0.15433271
4498,0.21451366,0.2424778
4499,0.039493058,0.025047073
4500,0.03535777,0.0068324176
4501,0.032828692,0.060846176
4502,0.024396086,0.027152903
4503,0.007580187,0.0010682858
4504,0.007861978,0.0018214657
4505,0.06109941,0.03475387
4506,0.17723972,0.12897821
4507,0.021402054,0.03470776
4508,0.11845804,0.16333243
4509,0.05401236,0.08702302
4510,0.082494415,0.029120393
4511,0.11745063,0.1311609
4512,0.044896405,0.06766322
4513,0.097450495,0.0827345
4514,0.0021979725,0.0022364832
4515,0.085361645,0.10657495
4516,0.042437777,0.015032856
4517,0.061641857,0.033278253
4518,0.12929995,0.12634976
4519,0.014540434,0.008577028
4520,0.16124101,0.082019754
4521,0.11761267,0.14537908
4522,0.038992878,0.042377897
4523,0.034554664,0.0105906315
4524,0.053314924,0.031210853
4525,0.023437995,0.028513238
4526,0.12536897,0.08785305
4527,0.0808248,0.06524997
4528,0.028679315,0.019221459
4529,0.11723929,0.07421128
4530,0.014561567,0.011843369
4531,0.046249006,0.029650694
4532,0.045382496,0.02264151
4533,0.049355753,0.04326173
4534,0.09490028,0.10100296
4535,0.121515475,0.11755755
4536,0.096950315,0.14074473
4537,0.11110328,0.09104254
4538,0.014138881,0.01381086
4539,0.061324842,0.058855627
4540,0.06557284,0.06287515
4541,0.27643028,0.22183453
4542,0.04956005,0.056980364
4543,0.026629282,0.016877377
4544,0.16777152,0.09046613
4545,0.14882106,0.24173231
4546,0.1767818,0.2540983
4547,0.132294,0.070499174
4548,0.095203206,0.16818967
4549,0.11497791,0.13435039
4550,0.13120909,0.18620451
4551,0.09685873,0.030227106
4552,0.07682337,0.13129155
4553,0.01675954,0.005495139
4554,0.032455318,0.031564385
4555,0.17897977,0.2174999
4556,0.042945,0.050708987
4557,0.017865572,0.0050493795
4558,0.022536263,0.018660415
4559,0.11332239,0.079660304
4560,0.11799308,0.09425508
4561,0.13752827,0.13194482
4562,0.06107123,0.094739266
4563,0.017055422,0.0077393074
4564,0.04326906,0.01902932
4565,0.020415783,0.019667218
4566,0.017386526,0.0160166
4567,0.06159959,0.08836798
4568,0.064142756,0.01986704
4569,0.12635525,0.11993237
4570,0.09505527,0.080905356
4571,0.07814074,0.08794528
4572,0.024381997,0.01185874
4573,0.06154323,0.06956154
4574,0.058091287,0.045375247
4575,0.1116246,0.031049456
4576,0.023275966,0.0050032665
4577,0.12761626,0.2316643
4578,0.030447556,0.012089306
4579,0.07375184,0.07541022
4580,0.13819048,0.23874265
4581,0.092462786,0.09970411
4582,0.03985234,0.042124275
4583,0.10987045,0.04435307
4584,0.011870461,0.01208162
4585,0.075393274,0.029873574
4586,0.09356882,0.08782231
4587,0.10488979,0.05837144
4588,0.11023678,0.1382623
4589,0.02198677,0.01261192
4590,0.04681963,0.093148366
4591,0.20739843,0.28615457
4592,0.025790954,0.014909888
4593,0.03851383,0.025523575
4594,0.018548915,0.022510856
4595,0.061141677,0.048741497
4596,0.10882782,0.06206817
4597,0.043240882,0.044107135
4598,0.11534424,0.12241479
4599,0.034040395,0.036636822
4600,0.14079705,0.14396496
4601,0.124875836,0.048487876
4602,0.06882049,0.089981936
4603,0.035822727,0.032071628
4604,0.076893814,0.011559006
4605,0.077260144,0.01926757
4606,0.062769026,0.08540906
4607,0.111666866,0.12068555
4608,0.12387548,0.085647315
4609,0.024776503,0.018975522
4610,0.077013575,0.040625602
4611,0.062170215,0.054613225
4612,0.017802168,0.015670752
4613,0.07892976,0.05983937
4614,0.12544647,0.06383584
4615,0.07258945,0.11728086
4616,0.035012577,0.02529301
4617,0.049151454,0.007931446
4618,0.15130787,0.6279676
4619,0.1411986,0.093617186
4620,0.04908101,0.026722515
4621,0.30774432,0.38352227
4622,0.02393113,0.022649195
4623,0.16641188,0.12820967
4624,0.16555946,0.22072782
4625,0.09363926,0.07710871
4626,0.15857103,0.21550936
4627,0.45111272,0.45346808
4628,0.0505111,0.06083849
4629,0.18235423,0.27959114
4630,0.050919697,0.036859702
4631,0.040796343,0.059900858
4632,0.35922056,0.26758638
4633,0.011588669,0.0030280906
4634,0.056780957,0.08979749
4635,0.058957797,0.062114283
4636,0.06584759,0.016347077
4637,0.06627028,0.05496676
4638,0.032434184,0.043230988
4639,0.045868587,0.012442839
4640,0.021155486,0.004150175
4641,0.049968652,0.05719556
4642,0.10843331,0.13747069
4643,0.061106455,0.07242055
4644,0.20477073,0.24128656
4645,0.17735243,0.19106175
4646,0.065925084,0.033255197
4647,0.02703788,0.031103255
4648,0.055703104,0.0120585635
4649,0.047474798,0.040041503
4650,0.11854962,0.040295124
4651,0.08006397,0.05587365
4652,0.090708636,0.15241133
4653,0.15461892,0.15063597
4654,0.066397086,0.07029935
4655,0.0685387,0.076163396
4656,0.17366801,0.112439
4657,0.011053266,0.0048034433
4658,0.05026453,0.041985936
4659,0.29721943,0.34682396
4660,0.05456185,0.071736544
4661,0.11332943,0.14093687
4662,0.12435452,0.15620029
4663,0.085594125,0.08148177
4664,0.09329407,0.11309995
4665,0.123030104,0.08981286
4666,0.056203283,0.08207355
4667,0.075026944,0.088859856
4668,0.043550853,0.033063058
4669,0.0974998,0.15729162
4670,0.029559912,0.024824195
4671,0.029362658,0.027152903
4672,0.17895864,0.33834684
4673,0.068270996,0.09943511
4674,0.14831384,0.06722514
4675,0.027686,0.015440187
4676,0.052399103,0.015347961
4677,0.039126728,0.037451487
4678,0.0495671,0.03441571
4679,0.018316438,0.01117473
4680,0.10454459,0.1562387
4681,0.05887326,0.027283557
4682,0.05812651,0.049433194
4683,0.07368139,0.052822504
4684,0.03126475,0.03869654
4685,0.15103312,0.11051762
4686,0.025128743,0.016984975
4687,0.1031145,0.14823042
4688,0.0064389324,0.0030127196
4689,0.06220544,0.022487799
4690,0.0604372,0.11990931
4691,0.09075795,0.11085578
4692,0.047721364,0.044990968
4693,0.020753933,0.008600084
4694,0.101945065,0.11247742
4695,0.0736039,0.046712525
4696,0.1302651,0.18266918
4697,0.0030433466,0.001783038
4698,0.04375515,0.028751489
4699,0.14453782,0.15653077
4700,0.015089926,0.017561387
4701,0.031046363,0.009145755
4702,0.031525407,0.028421013
4703,0.11070877,0.1229912
4704,0.12972264,0.027375784
4705,0.11761971,0.104707375
4706,0.041796703,0.023002729
4707,0.075513035,0.11718096
4708,0.07977513,0.09805941
4709,0.050489966,0.05864812
4710,0.061261438,0.10082619
4711,0.028763851,0.010083388
4712,0.07507626,0.15537025
4713,0.061740484,0.0438612
4714,0.06655207,0.064127885
4715,0.01715405,0.011205472
4716,0.06600258,0.043830458
4717,0.102445245,0.17153287
4718,0.049151454,0.03772048
4719,0.025382355,0.0122968145
4720,0.03771777,0.042393267
4721,0.047016885,0.019913154
4722,0.02574164,0.03131845
4723,0.041359924,0.008177382
4724,0.008960965,0.012335242
4725,0.13751417,0.22676863
4726,0.16811672,0.089935824
4727,0.109828174,0.057164814
4728,0.07972582,0.09412443
4729,0.05556221,0.028367214
4730,0.058471706,0.08108212
4731,0.061268482,0.0913269
4732,0.112786986,0.14124428
4733,0.07993716,0.07538716
4734,0.097302556,0.1153518
4735,0.046143334,0.07177497
4736,0.12937745,0.24366137
4737,0.08367794,0.124182455
4738,0.061155766,0.043907315
4739,0.07957083,0.16433924
4740,0.036851265,0.01162049
4741,0.018499602,0.0069246436
4742,0.13365364,0.097498365
4743,0.0077492623,0.001690812
4744,0.031419735,0.031364564
4745,0.03684422,0.0368059
4746,0.041965775,0.036275603
4747,0.2377051,0.2802444
4748,0.03820386,0.012350613
4749,0.13266736,0.16798218
4750,0.13110343,0.080843866
4751,0.15478799,0.16153403
4752,0.2336332,0.17962572
4753,0.07506921,0.037021097
4754,0.019035006,0.033109173
4755,0.21207617,0.121792264
4756,0.030532092,0.015009799
4757,0.042585716,0.03932675
4758,0.07757011,0.03357799
4759,0.03811228,0.013049995
4760,0.049785487,0.115567
4761,0.14945509,0.107389614
4762,0.107806325,0.12794836
4763,0.051976413,0.08964378
4764,0.11599236,0.109487765
4765,0.036632877,0.025400607
4766,0.13144861,0.16578412
4767,0.046467394,0.031487532
4768,0.0796131,0.088437155
4769,0.0721879,0.05900934
4770,0.083128445,0.12037044
4771,0.026953343,0.009038159
4772,0.042874552,0.061222766
4773,0.01631572,0.020927642
4774,0.029623315,0.0405718
4775,0.063903235,0.03853514
4776,0.017950108,0.010790454
4777,0.008249442,0.00083003496
4778,0.032983676,0.017776582
4779,0.12042353,0.16413942
4780,0.11037767,0.101487145
4781,0.050243396,0.058502093
4782,0.037457116,0.005026323
4783,0.04009891,0.026484264
4784,0.05697821,0.029112708
4785,0.08999711,0.07796949
4786,0.03985234,0.019213773
4787,0.3294493,0.40675557
4788,0.044424407,0.052553512
4789,0.122529924,0.124966376
4790,0.083142534,0.08250394
4791,0.06608007,0.07001498
4792,0.09440715,0.07481074
4793,0.031299975,0.014210506
4794,0.042966135,0.028182762
4795,0.19928284,0.2600853
4796,0.036203142,0.01736925
4797,0.036400396,0.021780733
4798,0.11897231,0.5284556
4799,0.1003459,0.17155594
4800,0.019746529,0.0114283515
4801,0.034089707,0.038704224
4802,0.10164214,0.03851977
4803,0.22911045,0.16610691
4804,0.16965953,0.19139223
4805,0.032272153,0.024493717
4806,0.012307237,0.01562464
4807,0.031609945,0.015847519
4808,0.047291633,0.03391615
4809,0.078866355,0.07504131
4810,0.28363004,0.13844676
4811,0.07899316,0.108250394
4812,0.14891969,0.23958805
4813,0.035590246,0.08431772
4814,0.08128271,0.08306498
4815,0.01904205,0.0028590094
4816,0.19385836,0.26256773
4817,0.09025777,0.06837797
4818,0.05468161,0.07225916
4819,0.07640068,0.079206854
4820,0.027460568,0.026568804
4821,0.043367688,0.15019022
4822,0.062297024,0.037228607
4823,0.07942994,0.059201475
4824,0.034385588,0.07760827
4825,0.009256845,0.0027129846
4826,0.051624175,0.036168005
4827,0.081606776,0.11272336
4828,0.033279557,0.017492218
4829,0.02949651,0.11395304
4830,0.115520366,0.12700303
4831,0.059338212,0.026253698
4832,0.13246307,0.13044615
4833,0.025058296,0.017722784
4834,0.10226913,0.123682894
4835,0.04875695,0.056719057
4836,0.11287857,0.11718096
4837,0.01901387,0.023002729
4838,0.13902175,0.19883949
4839,0.09838745,0.07654767
4840,0.11787332,0.21168198
4841,0.11738019,0.13226761
4842,0.06323398,0.11190101
4843,0.007354754,0.0068631596
4844,0.20524272,0.14942166
4845,0.027742358,0.015647696
4846,0.011962043,0.01696192
4847,0.11826783,0.09110402
4848,0.07532987,0.10931868
4849,0.06584759,0.053468086
4850,0.04066249,0.022226492
4851,0.043452226,0.043000422
4852,0.06950384,0.0886216
4853,0.056449853,0.016108828
4854,0.09149765,0.05161588
4855,0.033758603,0.0045651924
4856,0.07755602,0.13827768
4857,0.07511853,0.03881182
4858,0.056280777,0.04920263
4859,0.11825374,0.07815394
4860,0.030503914,0.019890098
4861,0.023494354,0.010744342
4862,0.025826177,0.022318719
4863,0.10455868,0.11436038
4864,0.058725316,0.027767744
4865,0.06631255,0.029658379
4866,0.03668219,0.04031818
4867,0.116894096,0.17685893
4868,0.26062882,0.5456865
4869,0.09116655,0.116166465
4870,0.058845077,0.055320293
4871,0.052124355,0.061253507
4872,0.041874193,0.009184184
4873,0.075632796,0.06996119
4874,0.097091205,0.09336356
4875,0.16846192,0.25768742
4876,0.08045848,0.084087156
4877,0.03920422,0.013334358
4878,0.082254894,0.10573723
4879,0.08004283,0.03461553
4880,0.062430874,0.057879567
4881,0.20600356,0.26075396
4882,0.01191273,0.012043193
4883,0.045262735,0.038804136
4884,0.033638842,0.048779927
4885,0.011158938,0.0034507934
4886,0.023600025,0.01615494
4887,0.0833257,0.124128655
4888,0.15654919,0.097575225
4889,0.046220824,0.02045114
4890,0.1883282,0.09107328
4891,0.031729706,0.011582062
4892,0.16884233,0.16109595
4893,0.09262481,0.13477309
4894,0.06401595,0.0857626
4895,0.059225496,0.023886561
4896,0.06220544,0.025692657
4897,0.15347765,0.21492526
4898,0.062156126,0.055781424
4899,0.008333979,0.0008992046
4900,0.33486676,0.39907774
4901,0.083875194,0.15249588
4902,0.03401926,0.04027207
4903,0.072645806,0.05844061
4904,0.07436474,0.0326173
4905,0.06120508,0.024462976
4906,0.06650276,0.07719325
4907,0.07059578,0.10452292
4908,0.045614973,0.10060331
4909,0.038711086,0.016039656
4910,0.06152914,0.040479574
4911,0.025044207,0.022287976
4912,0.13866247,0.20548746
4913,0.14822225,0.18466741
4914,0.049327575,0.07216693
4915,0.045206375,0.07735465
4916,0.13454832,0.086469665
4917,0.027946657,0.019144602
4918,0.13821866,0.17675902
4919,0.06016245,0.028928256
4920,0.0359918,0.044737346
4921,0.07870432,0.12508166
4922,0.106404416,0.095968954
4923,0.073040314,0.094424166
4924,0.048601963,0.07145986
4925,0.048573785,0.053744763
4926,0.051342383,0.08627752
4927,0.020458052,0.011167045
4928,0.04500912,0.033378165
4929,0.020479186,0.016692925
4930,0.014681329,0.01480229
4931,0.08581956,0.41571686
4932,0.0024515847,0.00049187255
4933,0.012617207,0.002159628
4934,0.052568175,0.033808555
4935,0.084241524,0.0825808
4936,0.023156203,0.011720401
4937,0.018175542,0.006056181
4938,0.12872933,0.12955463
4939,0.03580159,0.03500749
4940,0.051433966,0.028344156
4941,0.019288618,0.011512892
4942,0.11290675,0.17194021
4943,0.053674206,0.06605695
4944,0.071525685,0.055197325
4945,0.11733792,0.08296507
4946,0.14094499,0.30516082
4947,0.035280276,0.0045882487
4948,0.19478123,0.17958729
4949,0.083861105,0.11042539
4950,0.08567161,0.099573456
4951,0.021077992,0.018883295
4952,0.14070547,0.06747109
4953,0.27848735,0.43072668
4954,0.0065305145,0.0066633364
4955,0.07691495,0.10048803
4956,0.06645344,0.07042232
4957,0.041507866,0.035268802
4958,0.010693981,0.002628444
4959,0.044670973,0.0320332
4960,0.034294005,0.015340276
4961,0.018281214,0.013003881
4962,0.017640138,0.010390808
4963,0.043691747,0.0400953
4964,0.06167708,0.019060062
4965,0.06944748,0.045582753
4966,0.023888862,0.022234177
4967,0.06235338,0.06843177
4968,0.07670361,0.08457903
4969,0.046763275,0.023556085
4970,0.0062839473,0.0045344504
4971,0.09426625,0.15415594
4972,0.065523535,0.021327287
4973,0.08230421,0.08368751
4974,0.03294141,0.018914038
4975,0.039986193,0.025308382
4976,0.14584816,0.15850593
4977,0.05021522,0.026860854
4978,0.08329048,0.03088806
4979,0.1082431,0.15471698
4980,0.0831989,0.053829305
4981,0.027425343,0.0060946085
4982,0.059944063,0.088398725
4983,0.124122046,0.10622142
4984,0.06858097,0.117803484
4985,0.0060655586,0.0066556507
4986,0.08769347,0.04396111
4987,0.07517489,0.07723168
4988,0.07890862,0.07668601
4989,0.016090285,0.016862007
4990,0.108926445,0.07813857
4991,0.0064389324,0.003066518
4992,0.15993772,0.2950313
4993,0.12580575,0.09029704
4994,0.08021895,0.0443377
4995,0.076506354,0.049556162
4996,0.12262855,0.12939323
4997,0.051088773,0.064988665
4998,0.111145556,0.20171387
4999,0.18105094,0.15490143
5000,0.07356163,0.04432233
5001,0.010616489,0.005402913
5002,0.058147643,0.2814587
5003,0.080733225,0.0390885
5004,0.088968575,0.09380164
5005,0.17524604,0.17617492
5006,0.086488806,0.11605887
5007,0.08838385,0.101148985
5008,0.08282552,0.0705914
5009,0.037400756,0.015878262
5010,0.04728459,0.08929793
5011,0.06105714,0.10341621
5012,0.036336996,0.035376396
5013,0.21694411,0.36724436
5014,0.04975026,0.06825501
5015,0.034026306,0.02356377
5016,0.050828114,0.04950236
5017,0.06915864,0.077293165
5018,0.0024093161,0.00056104216
5019,0.1316177,0.12812512
5020,0.06214908,0.065357566
5021,0.06418502,0.01894478
5022,0.06283947,0.07908389
5023,0.18346025,0.10097222
5024,0.007650635,0.00028436384
5025,0.039211266,0.039488144
5026,0.11498496,0.076931946
5027,0.05749248,0.038957845
5028,0.08913765,0.1057526
5029,0.14126904,0.15891327
5030,0.056104656,0.042946626
5031,0.028749762,0.0063174884
5032,0.011659117,0.00035353343
5033,0.015054703,0.015125082
5034,0.06513607,0.038888674
5035,0.086883314,0.10556815
5036,0.031208392,0.00845406
5037,0.09877491,0.12644967
5038,0.023304144,0.05902471
5039,0.029362658,0.051323827
5040,0.029905107,0.09638397
5041,0.013589388,0.0058794143
5042,0.06958837,0.049771357
5043,0.07929608,0.0636975
5044,0.07606253,0.075256504
5045,0.0417333,0.057372324
5046,0.10323426,0.06276755
5047,0.13187131,0.11725781
5048,0.088968575,0.072551206
5049,0.035710007,0.06479653
5050,0.17411183,0.08188141
5051,0.027890299,0.027567921
5052,0.07258241,0.09526189
5053,0.033589527,0.017423049
5054,0.12899,0.16798218
5055,0.0061712307,0.001344964
5056,0.033568393,0.019436652
5057,0.069630645,0.16049649
5058,0.13190652,0.20396572
5059,0.024684923,0.0160704
5060,0.14467873,0.08394881
5061,0.048235632,0.024724282
5062,0.10085312,0.13761672
5063,0.015752137,0.0019213773
5064,0.050771754,0.04944088
5065,0.0087989345,0.0058871
5066,0.026981521,0.023433117
5067,0.21563378,0.15112785
5068,0.053970087,0.082765244
5069,0.017287899,0.0065557393
5070,0.022226293,0.024117127
5071,0.010123354,0.0031894862
5072,0.14104362,0.1246897
5073,0.26876554,0.4020213
5074,0.051271934,0.043430813
5075,0.102797486,0.10058794
5076,0.22450316,0.23284018
5077,0.04799611,0.013864658
5078,0.13628134,0.17115629
5079,0.18434085,0.19551934
5080,0.09788022,0.0658725
5081,0.019838111,0.011535949
5082,0.12812348,0.12204588
5083,0.08069095,0.09603812
5084,0.07316712,0.08261922
5085,0.11738723,0.08291896
5086,0.050088413,0.021550167
5087,0.040317297,0.038673483
5088,0.042804107,0.03013488
5089,0.12999739,0.10173308
5090,0.04588972,0.04761173
5091,0.09866924,0.09648388
5092,0.027383074,0.01887561
5093,0.057851765,0.051277716
5094,0.061571408,0.040856164
5095,0.15305497,0.1266034
5096,0.0979084,0.17349268
5097,0.03482941,0.037205547
5098,0.059176184,0.101971336
5099,0.088482484,0.05873266
5100,0.053540356,0.03268647
5101,0.014026164,0.0037351574
5102,0.04185306,0.025877109
5103,0.022839189,0.0032202282
5104,0.014885628,0.023463858
5105,0.0971053,0.11296161
5106,0.16267815,0.20333551
5107,0.114435464,0.08518618
5108,0.19627471,0.19526573
5109,0.051525548,0.016954232
5110,0.059880663,0.09224148
5111,0.0066854996,0.007524113
5112,0.072286524,0.025439035
5113,0.049574144,0.042078163
5114,0.0470662,0.031426046
5115,0.050722443,0.029105023
5116,0.039373297,0.010652116
5117,0.02675609,0.011443723
5118,0.06289583,0.041355725
5119,0.025509162,0.02390962
5120,0.17399912,0.15075126
5121,0.05790812,0.062321793
5122,0.01400503,0.0065403683
5123,0.29021692,0.5277024
5124,0.046361722,0.073696345
5125,0.03258917,0.017338509
5126,0.08464307,0.09621489
5127,0.07365321,0.17386927
5128,0.022099486,0.015002114
5129,0.04264912,0.037144065
5130,0.04665056,0.05534335
5131,0.10725683,0.050855014
5132,0.032892097,0.009015102
5133,0.09288547,0.10738193
5134,0.011482998,0.015517043
5135,0.072385155,0.11198555
5136,0.08026122,0.0783845
5137,0.061592545,0.056742113
5138,0.023437995,0.032655727
5139,0.07644999,0.02657649
5140,0.18310097,0.11884102
5141,0.11449887,0.18266149
5142,0.09187102,0.0743035
5143,0.10097288,0.1943281
5144,0.0018105094,0.0019060062
5145,0.0840795,0.07916843
5146,0.087714605,0.09610729
5147,0.10400214,0.10041118
5148,0.05696412,0.12227645
5149,0.09661921,0.089597665
5150,0.05263158,0.04867233
5151,0.09101156,0.17239365
5152,0.118176244,0.18858702
5153,0.13091321,0.17945664
5154,0.08793299,0.024416862
5155,0.025072385,0.0069246436
5156,0.024832863,0.003712101
5157,0.08652403,0.068139724
5158,0.054470267,0.030834261
5159,0.09091293,0.12403643
5160,0.40435648,0.506867
5161,0.055949673,0.10680552
5162,0.20589085,0.19026247
5163,0.03528732,0.01411828
5164,0.05603421,0.054851476
5165,0.027608506,0.03176421
5166,0.07929608,0.06385121
5167,0.07163136,0.048964377
5168,0.11709135,0.061783805
5169,0.048355397,0.0638589
5170,0.09549204,0.03831995
5171,0.039577596,0.038235407
5172,0.017717632,0.0073473467
5173,0.105319515,0.097198635
5174,0.07123686,0.07281251
5175,0.1426146,0.09412443
5176,0.046164468,0.025354493
5177,0.1468767,0.16259463
5178,0.031469047,0.026530378
5179,0.03329365,0.011366867
5180,0.07130025,0.024293894
5181,0.08827114,0.056719057
5182,0.059690453,0.07673212
5183,0.055153612,0.04673558
5184,0.00979225,0.003988779
5185,0.036520157,0.024170926
5186,0.022529218,0.018691158
5187,0.06636891,0.25719556
5188,0.048918977,0.059847057
5189,0.04264912,0.054428775
5190,0.016717272,0.008277293
5191,0.113104,0.1874342
5192,0.120029025,0.059086192
5193,0.06395254,0.02233409
5194,0.12112801,0.24361527
5195,0.050356112,0.04747339
5196,0.036985114,0.026292127
5197,0.0374078,0.020589478
5198,0.046178557,0.024954848
5199,0.11847213,0.16176459
5200,0.007291351,0.0005994697
5201,0.025952984,0.0037658995
5202,0.06171935,0.056734428
5203,0.13645746,0.082457826
5204,0.022423547,0.022495484
5205,0.06400186,0.08341851
5206,0.07010264,0.07557929
5207,0.04383969,0.024401492
5208,0.05815469,0.027298927
5209,0.04245891,0.028713062
5210,0.097837955,0.035637707
5211,0.03149723,0.03946509
5212,0.03253281,0.042815972
5213,0.08357932,0.09427045
5214,0.03958464,0.0146639515
5215,0.038675863,0.0052184607
5216,0.031645168,0.032355994
5217,0.018323483,0.007155209
5218,0.056259643,0.06408177
5219,0.02525555,0.025269954
5220,0.08701012,0.029650694
5221,0.07743626,0.064135574
5222,0.09864106,0.11928678
5223,0.115921915,0.08620835
5224,0.035252098,0.013826231
5225,0.01627345,0.008769166
5226,0.13425244,0.1714176
5227,0.058387168,0.037236292
5228,0.11874688,0.13448104
5229,0.06674933,0.08364908
5230,0.05391373,0.042185757
5231,0.16065629,0.16085002
5232,0.15661259,0.15949737
5233,0.10565062,0.061276563
5234,0.1778033,0.23949583
5235,0.061451647,0.0528763
5236,0.07244856,0.09402452
5237,0.14023346,0.124151714
5238,0.044480763,0.07259732
5239,0.12441088,0.15062061
5240,0.035075977,0.015301849
5241,0.08329048,0.11349191
5242,0.13509782,0.18046343
5243,0.18656701,0.09530031
5244,0.024832863,0.01736925
5245,0.11981063,0.13424279
5246,0.039035145,0.022487799
5247,0.038161594,0.04017984
5248,0.07858456,0.06820121
5249,0.06636186,0.09797487
5250,0.039450787,0.004180917
5251,0.091328576,0.25028628
5252,0.12536897,0.17755832
5253,0.0075660977,0.007493371
5254,0.043656524,0.025677286
5255,0.11766902,0.155816
5256,0.08114886,0.047972947
5257,0.048383575,0.03819698
5258,0.08290301,0.012212274
5259,0.03823204,0.036936555
5260,0.1183735,0.14035277
5261,0.108052894,0.16930407
5262,0.116527766,0.08818353
5263,0.038809713,0.047365792
5264,0.11781696,0.13591054
5265,0.05156077,0.04409945
5266,0.07918337,0.11190101
5267,0.08107842,0.047496445
5268,0.07285716,0.094762325
5269,0.009362518,0.008776851
5270,0.04817223,0.030357761
5271,0.037196457,0.03388541
5272,0.044678017,0.03734389
5273,0.01365279,0.0032663413
5274,0.050757665,0.037228607
5275,0.049475517,0.030350074
5276,0.06235338,0.029958114
5277,0.095710434,0.04336164
5278,0.049235992,0.046228338
5279,0.03391359,0.033739384
5280,0.0800851,0.11720401
5281,0.14875765,0.1363563
5282,0.077112205,0.0711755
5283,0.07378706,0.12810206
5284,0.038591325,0.015432502
5285,0.1174295,0.17458402
5286,0.042564582,0.04290051
5287,0.04116267,0.03137225
5288,0.066058934,0.056111902
5289,0.19900104,0.24396111
5290,0.060697857,0.029681435
5291,0.036710367,0.03027322
5292,0.023177339,0.009345579
5293,0.040049594,0.049871266
5294,0.012011357,0.028789917
5295,0.016696136,0.007969873
5296,0.022205159,0.011866426
5297,0.025776863,0.005210775
5298,0.24677172,0.2808362
5299,0.21180847,0.25474387
5300,0.17748629,0.24828036
5301,0.06211386,0.038204666
5302,0.024219966,0.011290013
5303,0.057577018,0.015901318
5304,0.11711953,0.10938016
5305,0.051877785,0.06325942
5306,0.11773243,0.14174384
5307,0.020338291,0.011874111
5308,0.03242714,0.02823656
5309,0.07003924,0.055988934
5310,0.021113217,0.005994697
5311,0.03058845,0.019282943
5312,0.15633784,0.24668947
5313,0.033779737,0.072482035
5314,0.050017964,0.05103178
5315,0.05968341,0.106352076
5316,0.031335197,0.05358337
5317,0.01746402,0.020220574
5318,0.03785867,0.03515352
5319,0.05923254,0.08854475
5320,0.02902451,0.024970219
5321,0.14754595,0.14162856
5322,0.0043818555,0.00022287975
5323,0.17411183,0.22727588
5324,0.1610508,0.21106714
5325,0.07558349,0.13817008
5326,0.06646753,0.12591937
5327,0.017407661,0.02679937
5328,0.11556263,0.16632979
5329,0.05142692,0.020235945
5330,0.1270104,0.14470276
5331,0.04059909,0.004134804
5332,0.038873117,0.054152098
5333,0.054463223,0.024063328
5334,0.08007806,0.12314491
5335,0.041176762,0.019974638
5336,0.025882535,0.014733121
5337,0.03725986,0.050755102
5338,0.051257845,0.068185836
5339,0.1567112,0.101863734
5340,0.08155042,0.05774123
5341,0.040606134,0.016777467
5342,0.03289914,0.014310418
5343,0.21728227,0.13365869
5344,0.017400615,0.008400261
5345,0.12558031,0.09148061
5346,0.083473645,0.080828495
5347,0.12157888,0.14741574
5348,0.056316,0.07192099
5349,0.111533016,0.06900819
5350,0.31788176,0.38040194
5351,0.08378361,0.066349
5352,0.11152597,0.11365331
5353,0.032265108,0.04312339
5354,0.02070462,0.0027821544
5355,0.07208927,0.04867233
5356,0.14596792,0.11843369
5357,0.096351504,0.103024244
5358,0.090856574,0.047481075
5359,0.23027284,0.22309496
5360,0.103966914,0.20431925
5361,0.098450854,0.11877954
5362,0.057267047,0.0134650115
5363,0.00798174,0.003865811
5364,0.014054343,0.021242747
5365,0.013061029,0.0077546784
5366,0.30010778,0.3547631
5367,0.018598229,0.008031357
5368,0.051920056,0.017446104
5369,0.014357269,0.0061868345
5370,0.04002846,0.03611421
5371,0.038711086,0.075610034
5372,0.042550493,0.0438612
5373,0.026946297,0.027813857
5374,0.011335057,0.0061560925
5375,0.06825691,0.061876033
5376,0.036900576,0.03828152
5377,0.018957512,0.044061024
5378,0.044022854,0.006432771
5379,0.12977196,0.50626755
5380,0.09536523,0.05859432
5381,0.048609007,0.059293702
5382,0.14581998,0.12979287
5383,0.02568528,0.014387273
5384,0.0463899,0.023056528
5385,0.07395614,0.059247587
5386,0.22922318,0.18442148
5387,0.12758808,0.05352957
5388,0.09432261,0.09324828
5389,0.15008207,0.24377666
5390,0.07580187,0.11685816
5391,0.019211125,0.003005034
5392,0.05896484,0.07791569
5393,0.05304722,0.033047687
5394,0.05962705,0.024432233
5395,0.05725296,0.08773777
5396,0.14170583,0.09969642
5397,0.0542237,0.032578874
5398,0.009531592,0.009945049
5399,0.05308949,0.059923913
5400,0.018992737,0.030165622
5401,0.029214717,0.035837527
5402,0.1296381,0.122499324
5403,0.10127581,0.1348192
5404,0.16008566,0.16852015
5405,0.22812419,0.251393
5406,0.14944804,0.31219307
5407,0.088848814,0.11479076
5408,0.16352352,0.088467896
5409,0.16478454,0.0755255
5410,0.15640828,0.21977481
5411,0.0810291,0.072097756
5412,0.02428337,0.0060946085
5413,0.023987489,0.021089036
5414,0.08689036,0.038596626
5415,0.03344159,0.024785766
5416,0.08993371,0.103500746
5417,0.085495494,0.10280906
5418,0.032948453,0.025193099
5419,0.018823663,0.018168543
5420,0.04914441,0.025062446
5421,0.025206236,0.0070476118
5422,0.027122417,0.02892057
5423,0.13066664,0.11565154
5424,0.08889108,0.06643354
5425,0.07910588,0.086108446
5426,0.06646049,0.04942551
5427,0.09530888,0.09123468
5428,0.058781676,0.029174192
5429,0.07558349,0.09489298
5430,0.108693965,0.13289782
5431,0.0768445,0.063843526
5432,0.056985255,0.025846366
5433,0.056456897,0.031787265
5434,0.044368047,0.039380547
5435,0.118915945,0.17393075
5436,0.043924227,0.031133996
5437,0.03924649,0.035660762
5438,0.015160374,0.000860777
5439,0.09029299,0.10045729
5440,0.03571705,0.010521462
5441,0.0025854355,0.0014756178
5442,0.14074773,0.10659032
5443,0.17251971,0.14366522
5444,0.07127912,0.045797948
5445,0.06039493,0.041847598
5446,0.022388322,0.005026323
5447,0.0867706,0.21308073
5448,0.060514692,0.066564195
5449,0.029524688,0.019728702
5450,0.0740759,0.029220305
5451,0.06722133,0.11519809
5452,0.14424899,0.12008608
5453,0.10497432,0.064143255
5454,0.1540201,0.12799446
5455,0.015554883,0.009214926
5456,0.10751749,0.13775507
5457,0.07127912,0.06955386
5458,0.10484751,0.04612074
5459,0.07490718,0.033462707
5460,0.04352972,0.042531606
5461,0.051962323,0.025162356
5462,0.036379263,0.026906967
5463,0.114153676,0.121715404
5464,0.05310358,0.047104485
5465,0.15540089,0.12718749
5466,0.18520032,0.11323829
5467,0.07750671,0.12356761
5468,0.08044439,0.040418092
5469,0.2765289,0.44748875
5470,0.023029398,0.016062714
5471,0.094717115,0.02703762
5472,0.00700956,0.013065365
5473,0.103818975,0.13034624
5474,0.11819033,0.1278177
5475,0.06872891,0.10926488
5476,0.022656024,0.018529762
5477,0.029165404,0.016300965
5478,0.10382602,0.10183299
5479,0.083847016,0.064911805
5480,0.036456756,0.027222073
5481,0.07692904,0.09368636
5482,0.045248646,0.045974713
5483,0.09200487,0.09725243
5484,0.057041615,0.05856358
5485,0.06260699,0.039903164
5486,0.08105728,0.12232256
5487,0.03785867,0.010052646
5488,0.023459129,0.018668102
5489,0.035456397,0.038565885
5490,0.13368182,0.14422627
5491,0.010419235,0.020013066
5492,0.08714397,0.09217999
5493,0.18896224,0.48584715
5494,0.04416375,0.11202398
5495,0.059380483,0.09747531
5496,0.02537531,0.003020405
5497,0.10350901,0.07603274
5498,0.037830487,0.031495217
5499,0.04201509,0.048902895
5500,0.037316218,0.005226146
5501,0.20436917,0.12816355
5502,0.18675017,0.20709373
5503,0.055407222,0.012973139
5504,0.02313507,0.023748223
5505,0.09896512,0.059923913
5506,0.060106095,0.04988664
5507,0.035695918,0.017945664
5508,0.10577743,0.17700496
5509,0.03681604,0.010375437
5510,0.032539856,0.008884449
5511,0.0326878,0.048111286
5512,0.051884834,0.114667796
5513,0.21149145,0.18089382
5514,0.071772255,0.027852284
5515,0.13428767,0.13164508
5516,0.20077634,0.16571495
5517,0.064170934,0.007885332
5518,0.1179015,0.044814203
5519,0.060564004,0.026960766
5520,0.1852285,0.14947547
5521,0.11099761,0.122606926
5522,0.081494056,0.12927794
5523,0.026446117,0.009268723
5524,0.064537264,0.059201475
5525,0.064156845,0.055197325
5526,0.0962247,0.06329785
5527,0.15768339,0.15742227
5528,0.05602012,0.043492295
5529,0.03211717,0.011489836
5530,0.032511678,0.0138954
5531,0.012786282,0.0041271183
5532,0.074259065,0.06647965
5533,0.06560103,0.049340967
5534,0.08657335,0.06715598
5535,0.016999062,0.004119433
5536,0.036985114,0.019175345
5537,0.04619969,0.037828077
5538,0.107559755,0.21001422
5539,0.13607,0.1036852
5540,0.042966135,0.033670213
5541,0.028108686,0.02024363
5542,0.07336438,0.10689774
5543,0.018626409,0.01079814
5544,0.09018028,0.1085117
5545,0.17906432,0.17360027
5546,0.21275246,0.50307035
5547,0.10428394,0.08906736
5548,0.089320816,0.11482919
5549,0.11359714,0.08945932
5550,0.046396945,0.057595205
5551,0.041557178,0.025661914
5552,0.019436559,0.014740806
5553,0.05893666,0.04430696
5554,0.05484364,0.07657841
5555,0.08366385,0.1091496
5556,0.08901084,0.09028167
5557,0.011109624,0.004288514
5558,0.04139515,0.048749182
5559,0.034174245,0.028843716
5560,0.008108546,0.009591515
5561,0.12530556,0.18200053
5562,0.08713693,0.09775199
5563,0.075639844,0.08101295
5564,0.026608149,0.012020136
5565,0.023346413,0.010598317
5566,0.11011701,0.16018906
5567,0.04647444,0.048695385
5568,0.09993026,0.052069325
5569,0.071370706,0.03896553
5570,0.038633592,0.023832763
5571,0.05697821,0.030542213
5572,0.0848826,0.08325712
5573,0.07993012,0.066133805
5574,0.15074427,0.18135495
5575,0.033864275,0.0085232295
5576,0.051088773,0.024639742
5577,0.017449928,0.019920839
5578,0.02730558,0.013403527
5579,0.051708713,0.027713945
5580,0.04606584,0.06309803
5581,0.14278367,0.32475886
5582,0.013688015,0.008331092
5583,0.045396585,0.022464743
5584,0.061810933,0.048802983
5585,0.034766007,0.033186026
5586,0.089236274,0.13698651
5587,0.035949532,0.039165355
5588,0.14401652,0.12602697
5589,0.05357558,0.08158936
5590,0.16724317,0.106674865
5591,0.08555185,0.032194596
5592,0.1425371,0.21515583
5593,0.19110385,0.10534527
5594,0.03985234,0.007155209
5595,0.023980444,0.024263151
5596,0.08201537,0.053506512
5597,0.038816758,0.009061215
5598,0.18302348,0.24789609
5599,0.052730206,0.06896976
5600,0.02070462,0.010874995
5601,0.06102896,0.07600968
5602,0.14839132,0.15196557
5603,0.063290335,0.04701226
5604,0.032469407,0.018837182
5605,0.15054703,0.2240787
5606,0.04994047,0.07375783
5607,0.032138303,0.037674364
5608,0.13708444,0.14589402
5609,0.052596357,0.051277716
5610,0.044847094,0.045774892
5611,0.07118754,0.0593475
5612,0.029362658,0.01670061
5613,0.049538918,0.026976136
5614,0.03253281,0.016577642
5615,0.060169496,0.011297698
5616,0.120275594,0.12272221
5617,0.017879661,0.022434
5618,0.025790954,0.020635592
5619,0.035385948,0.04490643
5620,0.099310316,0.15575452
5621,0.0627338,0.044007223
5622,0.0694193,0.0400953
5623,0.015350584,0.023025785
5624,0.19334409,0.19405141
5625,0.034385588,0.016055029
5626,0.06674228,0.07478
5627,0.053892594,0.050048035
5628,0.068411894,0.06349768
5629,0.038866073,0.029266419
5630,0.1510754,0.12861699
5631,0.020338291,0.017546017
5632,0.07005333,0.0686316
5633,0.046143334,0.04309265
5634,0.07529465,0.04920263
5635,0.040120043,0.052684166
5636,0.09173717,0.1166814
5637,0.13735919,0.13727088
5638,0.05821809,0.05738001
5639,0.06543195,0.0683626
5640,0.16442525,0.1674288
5641,0.08893335,0.13543405
5642,0.047812946,0.028497867
5643,0.125059,0.15224224
5644,0.06224771,0.053322062
5645,0.15674643,0.13267495
5646,0.10746113,0.069284864
5647,0.03434332,0.034907583
5648,0.04805247,0.07779272
5649,0.19656356,0.21237367
5650,0.06149392,0.028367214
5651,0.017168138,0.013887715
5652,0.04301545,0.022810591
5653,0.12877865,0.19256811
5654,0.018633453,0.011751143
5655,0.016252317,0.002597702
5656,0.07308259,0.040817738
5657,0.041113358,0.018537447
5658,0.09125108,0.072120816
5659,0.028017106,0.01692349
5660,0.030651854,0.018775698
5661,0.20875104,0.19974639
5662,0.014138881,0.007593283
5663,0.13394247,0.17339277
5664,0.04119085,0.028897515
5665,0.0062839473,0.0007685509
5666,0.17113188,0.23974177
5667,0.043107033,0.019398225
5668,0.26729318,0.24027206
5669,0.09928918,0.058140874
5670,0.6852109,0.7179572
5671,0.024170652,0.014540983
5672,0.027981881,0.0048264996
5673,0.058133554,0.04682012
5674,0.020979365,0.048741497
5675,0.19693694,0.26436615
5676,0.030440511,0.0042347154
5677,0.18394634,0.23393153
5678,0.025396446,0.010705914
5679,0.022895547,0.027421895
5680,0.033202067,0.046028513
5681,0.098711506,0.10536064
5682,0.07620343,0.080797754
5683,0.010200847,0.0072243786
5684,0.04209963,0.064627446
5685,0.058077198,0.055658456
5686,0.119394995,0.11276179
5687,0.0938013,0.09874342
5688,0.009193443,0.010636744
5689,0.068750046,0.031103255
5690,0.14730643,0.11041771
5691,0.0373444,0.020112976
5692,0.1095957,0.103085734
5693,0.097070076,0.11283864
5694,0.082508504,0.10552204
5695,0.10956752,0.13258271
5696,0.0917724,0.100303575
5697,0.09129335,0.109518506
5698,0.07942994,0.097552165
5699,0.049968652,0.009783653
5700,0.037175324,0.017469162
5701,0.19921944,0.38455212
5702,0.14791933,0.1939054
5703,0.066383,0.06903893
5704,0.081007965,0.09722169
5705,0.031884693,0.010444607
5706,0.023832504,0.007570226
5707,0.034878723,0.061929833
5708,0.05561152,0.035453252
5709,0.015928255,0.027537178
5710,0.057746094,0.06250624
5711,0.0109616835,0.0116973445
5712,0.023860682,0.022887446
5713,0.058091287,0.03941129
5714,0.07509035,0.041163586
5715,0.13108933,0.23188718
5716,0.13832432,0.13179111
5717,0.06289583,0.05241517
5718,0.07289942,0.07304308
5719,0.053779878,0.035284173
5720,0.2912243,0.40453446
5721,0.067411534,0.053114552
5722,0.057689734,0.04253929
5723,0.056928895,0.0050954926
5724,0.033335917,0.03826615
5725,0.05511839,0.022856703
5726,0.026424984,0.015486301
5727,0.015857808,0.012888598
5728,0.039901655,0.04543673
5729,0.032934364,0.013188333
5730,0.088729054,0.07381932
5731,0.030419376,0.024278523
5732,0.09111723,0.10443838
5733,0.056013074,0.013541867
5734,0.16555946,0.102255695
5735,0.04961641,0.0888368
5736,0.028298896,0.053468086
5737,0.06944043,0.086000845
5738,0.14350928,0.1612881
5739,0.17615482,0.09103485
5740,0.14546774,0.11213157
5741,0.23811369,0.2528225
5742,0.020556679,0.007977558
5743,0.012603118,0.01510971
5744,0.088722005,0.056380894
5745,0.11996562,0.15303385
5746,0.21007545,0.2075856
5747,0.040049594,0.027529493
5748,0.12772897,0.33138376
5749,0.1758519,0.19764055
5750,0.17807099,0.16811283
5751,0.05503385,0.01849902
5752,0.033011857,0.03646774
5753,0.013554164,0.0067094495
5754,0.082128085,0.07673212
5755,0.09763366,0.084786534
5756,0.038133413,0.027729316
5757,0.10820083,0.067670904
5758,0.05637236,0.020443454
5759,0.07955674,0.049656074
5760,0.08215627,0.05482842
5761,0.06799625,0.05562003
5762,0.0073406645,0.008123583
5763,0.09697849,0.11847212
5764,0.08507281,0.1498828
5765,0.015216732,0.00754717
5766,0.02882021,0.019951582
5767,0.090236634,0.08299581
5768,0.18284737,0.21931368
5769,0.048369486,0.034400336
5770,0.031638123,0.007593283
5771,0.014300911,0.005402913
5772,0.07510444,0.11048688
5773,0.09976823,0.13237521
5774,0.057985615,0.047757752
5775,0.0717793,0.076916575
5776,0.011328012,0.0011528264
5777,0.14095204,0.13628714
5778,0.06412867,0.076870464
5779,0.0804162,0.032893978
5780,0.08507281,0.035553165
5781,0.044678017,0.01795335
5782,0.03418129,0.01632402
5783,0.12665817,0.12653422
5784,0.03391359,0.016039656
5785,0.0110321315,0.0025900165
5786,0.03815455,0.057187874
5787,0.081620865,0.082803674
5788,0.13421017,0.086461976
5789,0.06324807,0.053114552
5790,0.07196247,0.10044192
5791,0.12922952,0.12406717
5792,0.053159937,0.054113667
5793,0.056118745,0.03048073
5794,0.032272153,0.00883065
5795,0.029313345,0.01699266
5796,0.055660836,0.046589557
5797,0.02817209,0.014833032
5798,0.08183221,0.0512854
5799,0.14778547,0.19227606
5800,0.033596575,0.06016985
5801,0.07381524,0.107781574
5802,0.058415346,0.0753641
5803,0.04818632,0.037028782
5804,0.0426773,0.054036815
5805,0.11807057,0.13641779
5806,0.1185778,0.090796605
5807,0.04884853,0.07265112
5808,0.120768726,0.10405411
5809,0.105312474,0.11405295
5810,0.06350873,0.08449449
5811,0.023762055,0.016792838
5812,0.029771255,0.011243899
5813,0.10536883,0.057933368
5814,0.012884909,0.014302732
5815,0.044917542,0.03812781
5816,0.05318107,0.04963302
5817,0.08188152,0.047542557
5818,0.21144214,0.1998924
5819,0.041881237,0.02317181
5820,0.056428716,0.030065712
5821,0.14555228,0.16130346
5822,0.12670043,0.1576221
5823,0.08777096,0.095100485
5824,0.056957077,0.030995658
5825,0.20170625,0.2976905
5826,0.051405787,0.052922416
5827,0.14385448,0.14550206
5828,0.18849728,0.2004304
5829,0.029087912,0.04646659
5830,0.059338212,0.054928333
5831,0.039972104,0.049256425
5832,0.08363567,0.013710948
5833,0.04793975,0.05308381
5834,0.103297666,0.074449524
5835,0.03609747,0.019521194
5836,0.032758243,0.017976405
5837,0.18455924,0.24965607
5838,0.2226504,0.18576644
5839,0.095597714,0.08054414
5840,0.054484356,0.052991584
5841,0.0869749,0.07592514
5842,0.17996605,0.17790416
5843,0.057710867,0.07831534
5844,0.07163136,0.20697075
5845,0.05177916,0.025193099
5846,0.010764429,0.0068939016
5847,0.066657744,0.05902471
5848,0.053159937,0.06001614
5849,0.1622625,0.18459055
5850,0.03373747,0.0102908965
5851,0.013871179,0.011751143
5852,0.04541772,0.039065443
5853,0.076252736,0.0675172
5854,0.109053254,0.19020097
5855,0.039605774,0.053575683
5856,0.031659257,0.021796104
5857,0.042550493,0.031072512
5858,0.047171872,0.055543173
5859,0.0988524,0.13363563
5860,0.2847572,0.37538332
5861,0.055625614,0.052123122
5862,0.059077557,0.06915421
5863,0.03742189,0.020136034
5864,0.10636919,0.056826655
5865,0.02621364,0.010321639
5866,0.094231024,0.06308266
5867,0.029221762,0.017730469
5868,0.012117028,0.005472082
5869,0.065889865,0.069284864
5870,0.059049375,0.04641279
5871,0.056139883,0.02108135
5872,0.06946861,0.07677823
5873,0.04047933,0.016585328
5874,0.048545603,0.027421895
5875,0.040845655,0.036321715
5876,0.078873396,0.033870038
5877,0.025664147,0.03275564
5878,0.07747149,0.09098874
5879,0.09814793,0.08152788
5880,0.020937096,0.020343542
5881,0.07373071,0.045774892
5882,0.27019563,0.28189677
5883,0.11558376,0.053729393
5884,0.071870886,0.03793567
5885,0.03776004,0.027444953
5886,0.085418,0.11327672
5887,0.020288978,0.0147254355
5888,0.075745516,0.05585828
5889,0.049679816,0.030949544
5890,0.13418199,0.08529378
5891,0.07584414,0.035568535
5892,0.029383793,0.019997694
5893,0.02344504,0.0048418706
5894,0.016040973,0.01629328
5895,0.06085284,0.09328671
5896,0.056823224,0.038419858
5897,0.0636778,0.086769395
5898,0.12286103,0.17579065
5899,0.2868636,0.27305844
5900,0.008439651,0.01305768
5901,0.043431092,0.01350344
5902,0.21943092,0.3480844
5903,0.02622773,0.020059178
5904,0.044818915,0.042178072
5905,0.07840844,0.099658
5906,0.071884975,0.09051993
5907,0.009623175,0.011628175
5908,0.051286027,0.014886831
5909,0.05388555,0.06309803
5910,0.08333275,0.053898476
5911,0.11997267,0.06820121
5912,0.09213168,0.07861507
5913,0.02426928,0.012442839
5914,0.031180212,0.038373746
5915,0.05553403,0.019421281
5916,0.21904346,0.3521654
5917,0.13880338,0.14625524
5918,0.035949532,0.019913154
5919,0.028904747,0.0036659879
5920,0.05061677,0.07100642
5921,0.05044065,0.008746109
5922,0.03216648,0.029858202
5923,0.06705225,0.08786074
5924,0.06693953,0.09095031
5925,0.16618645,0.4628521
5926,0.063536905,0.033224456
5927,0.15575312,0.14466433
5928,0.022768741,0.007670138
5929,0.07336438,0.15393306
5930,0.052948594,0.027552549
5931,0.18358706,0.11848749
5932,0.047967933,0.088375665
5933,0.05585809,0.047557928
5934,0.045939036,0.024340007
5935,0.045544527,0.02650732
5936,0.17427386,0.18792607
5937,0.029524688,0.030926488
5938,0.14609472,0.19106944
5939,0.034075618,0.027590977
5940,0.047439575,0.018183915
5941,0.048559695,0.04302348
5942,0.10401623,0.12226876
5943,0.10675665,0.11801868
5944,0.055231106,0.1037928
5945,0.09592882,0.052922416
5946,0.17850778,0.17281635
5947,0.02507943,0.028497867
5948,0.015970524,0.0060484954
5949,0.12772194,0.101125926
5950,0.19487281,0.48870614
5951,0.05962705,0.055973563
5952,0.053963043,0.074518695
5953,0.05615397,0.05428275
5954,0.006058514,0.0013526495
5955,0.24057232,0.31729624
5956,0.091110185,0.078430615
5957,0.025988206,0.0032893978
5958,0.019119542,0.010936479
5959,0.08101501,0.20089152
5960,0.103297666,0.090788916
5961,0.09340679,0.118495174
5962,0.051814385,0.06817815
5963,0.19586612,0.28158936
5964,0.00471296,0.00272067
5965,0.02382546,0.038704224
5966,0.059204362,0.056211814
5967,0.14913808,0.10561427
5968,0.034808274,0.018060947
5969,0.07147638,0.029051224
5970,0.16926502,0.2462437
5971,0.014624971,0.005802559
5972,0.12385434,0.07540253
5973,0.31988248,0.37397686
5974,0.09590064,0.08537063
5975,0.04139515,0.058763403
5976,0.18598229,0.2319794
5977,0.12407273,0.08533989
5978,0.15161784,0.2563271
5979,0.1254535,0.20512624
5980,0.058619644,0.11320755
5981,0.25440124,0.44091764
5982,0.11158233,0.107051454
5983,0.19991687,0.2321408
5984,0.062888786,0.074879915
5985,0.04858083,0.011351497
5986,0.07195542,0.04767321
5987,0.08290301,0.13404296
5988,0.01927453,0.014072167
5989,0.22209385,0.1744841
5990,0.013617567,0.011681974
5991,0.06580532,0.039626483
5992,0.098084524,0.069653764
5993,0.032377824,0.010598317
5994,0.050356112,0.022003612
5995,0.055364955,0.047427274
5996,0.15649283,0.08888291
5997,0.045488168,0.029197248
5998,0.06461476,0.044883374
5999,0.005149737,0.004211659
6000,0.04634059,0.14262
6001,0.08091638,0.06879299
6002,0.014505209,0.011912539
6003,0.14397424,0.1410214
6004,0.18647543,0.24843408
6005,0.330661,0.2966837
6006,0.11367463,0.132698
6007,0.090602964,0.02310264
6008,0.2950919,0.42897436
6009,0.085615255,0.07197479
6010,0.053998265,0.023679053
6011,0.05868305,0.05057065
6012,0.08328343,0.059047766
6013,0.026150238,0.034799986
6014,0.077880085,0.06508858
6015,0.039619863,0.02438612
6016,0.07982445,0.038496714
6017,0.029672628,0.01916766
6018,0.09607676,0.15647696
6019,0.1206701,0.10717443
6020,0.061655946,0.037828077
6021,0.1334916,0.13085347
6022,0.12980014,0.13652538
6023,0.055139523,0.058947854
6024,0.1025016,0.10513008
6025,0.003839407,0.0012604235
6026,0.041902374,0.060723208
6027,0.08321299,0.0427468
6028,0.070137866,0.0277908
6029,0.06473452,0.08697691
6030,0.11859893,0.18748799
6031,0.12817983,0.10972601
6032,0.010884191,0.003396995
6033,0.052723162,0.07063752
6034,0.080860026,0.052614994
6035,0.113533735,0.13624102
6036,0.018499602,0.014687007
6037,0.056520298,0.050370827
6038,0.020436918,0.002851324
6039,0.09559067,0.09108096
6040,0.063903235,0.050855014
6041,0.08255782,0.12941629
6042,0.120416485,0.14421858
6043,0.15484434,0.15494755
6044,0.11773947,0.16925028
6045,0.11874688,0.11841064
6046,0.25372493,0.18289974
6047,0.17896569,0.094739266
6048,0.083107315,0.13007724
6049,0.17424569,0.14698535
6050,0.09915533,0.14647812
6051,0.18713763,0.37453791
6052,0.030842062,0.009230296
6053,0.07037035,0.06843177
6054,0.06958837,0.079652615
6055,0.06398777,0.09856665
6056,0.08164904,0.023210237
6057,0.02425519,0.02017446
6058,0.15222369,0.2518695
6059,0.09540751,0.116227955
6060,0.023966353,0.029727548
6061,0.15907122,0.13260578
6062,0.075879365,0.07580986
6063,0.21223116,0.27294317
6064,0.053350147,0.07896092
6065,0.11950771,0.20347385
6066,0.021296382,0.040341236
6067,0.15236458,0.20013835
6068,0.11025791,0.062260307
6069,0.064671114,0.10974907
6070,0.07958492,0.15752988
6071,0.060282215,0.07810783
6072,0.021395007,0.008569342
6073,0.013497805,0.0043576835
6074,0.04057091,0.012542751
6075,0.10455868,0.08595473
6076,0.11459045,0.06430466
6077,0.01235655,0.014441071
6078,0.053462863,0.018137801
6079,0.05923254,0.055166584
6080,0.23293577,0.26017752
6081,0.06670001,0.19107713
6082,0.14105065,0.18619682
6083,0.049038738,0.068170466
6084,0.05904233,0.11320755
6085,0.046678737,0.02544672
6086,0.111948654,0.109787494
6087,0.10577038,0.08451754
6088,0.058915526,0.057656687
6089,0.07034921,0.04130961
6090,0.033955857,0.05079353
6091,0.07507626,0.033001576
6092,0.01353303,0.0024286208
6093,0.040761117,0.022526227
6094,0.12686951,0.068508625
6095,0.15234345,0.30569112
6096,0.09716166,0.10645199
6097,0.046368767,0.11778811
6098,0.06387506,0.051354572
6099,0.053772833,0.0304961
6100,0.119176604,0.14753103
6101,0.041331746,0.04963302
6102,0.06548831,0.024693541
6103,0.011313923,0.0123582985
6104,0.06705929,0.07431119
6105,0.038126368,0.02045114
6106,0.053498086,0.06825501
6107,0.042465955,0.027391154
6108,0.08539687,0.081581675
6109,0.018076915,0.011005648
6110,0.062064543,0.049448565
6111,0.14830679,0.09745225
6112,0.040669538,0.020405026
6113,0.07791531,0.081650846
6114,0.066777505,0.07304308
6115,0.27360532,0.27740076
6116,0.13435811,0.326173
6117,0.113787346,0.084771164
6118,0.060810573,0.10566038
6119,0.04684077,0.02121969
6120,0.07155387,0.10200976
6121,0.03861246,0.025861738
6122,0.10176895,0.21009107
6123,0.080972746,0.12759481
6124,0.05363194,0.11270799
6125,0.026720865,0.0143642165
6126,0.06495995,0.05807939
6127,0.16999063,0.12596549
6128,0.038006607,0.041232757
6129,0.081620865,0.07299697
6130,0.013497805,0.005318372
6131,0.08544618,0.095146604
6132,0.0392324,0.050678246
6133,0.18010694,0.18359144
6134,0.030835018,0.048457135
6135,0.018351661,0.0013910772
6136,0.44850615,0.4526073
6137,0.03658356,0.037628252
6138,0.12828551,0.15713792
6139,0.12100121,0.12343696
6140,0.09180762,0.099104635
6141,0.05806311,0.0304961
6142,0.08720738,0.07385006
6143,0.026002297,0.014179764
6144,0.17030765,0.297214
6145,0.016632734,0.008000615
6146,0.13205446,0.17727394
6147,0.09544273,0.12131576
6148,0.071652494,0.030695923
6149,0.14319228,0.12866311
6150,0.07996534,0.07129078
6151,0.116795465,0.13398148
6152,0.080352806,0.086016215
6153,0.06008496,0.0522922
6154,0.055019762,0.04807286
6155,0.028700449,0.010959536
6156,0.015054703,0.006870845
6157,0.0139627615,0.00785459
6158,0.16557355,0.115098186
6159,0.09604154,0.113776274
6160,0.055336777,0.040295124
6161,0.04886262,0.036659878
6162,0.11100466,0.06319025
6163,0.014850404,0.011681974
6164,0.04233915,0.024685854
6165,0.07749262,0.047542557
6166,0.08266349,0.08344157
6167,0.0072772615,0.00046113055
6168,0.094843924,0.20117588
6169,0.08943353,0.069338664
6170,0.0926389,0.15024401
6171,0.033448633,0.022380203
6172,0.029341524,0.023225607
6173,0.022923727,0.016370134
6174,0.11663344,0.12133113
6175,0.26330584,0.35731468
6176,0.077626474,0.097997926
6177,0.07904952,0.1289321
6178,0.009468189,0.015040541
6179,0.10345969,0.11168582
6180,0.05470979,0.06988433
6181,0.05070131,0.030042654
6182,0.14791228,0.143304
6183,0.19143495,0.2850094
6184,0.067883536,0.13239057
6185,0.069031835,0.03847366
6186,0.15742274,0.09690658
6187,0.088003434,0.20762402
6188,0.05531564,0.03653691
6189,0.050222263,0.05464397
6190,0.05696412,0.03405449
6191,0.049207814,0.015470929
6192,0.17731015,0.23705952
6193,0.019901514,0.007539484
6194,0.116274156,0.13300543
6195,0.097218014,0.087145984
6196,0.11835941,0.14302732
6197,0.046735097,0.08541675
6198,0.06748903,0.06554202
6199,0.02301531,0.02649195
6200,0.04219121,0.028474811
6201,0.111927524,0.17812704
6202,0.10946185,0.11841832
6203,0.06092329,0.048172772
6204,0.09834518,0.10726665
6205,0.09413944,0.049433194
6206,0.018309392,0.021926757
6207,0.15478094,0.082065865
6208,0.17406252,0.120624065
6209,0.1286941,0.13156055
6210,0.06074717,0.027014565
6211,0.0658335,0.09223379
6212,0.073639125,0.04931791
6213,0.057020478,0.07293548
6214,0.08230421,0.09831303
6215,0.08516439,0.05498213
6216,0.044868227,0.059339814
6217,0.08213513,0.021742305
6218,0.10030363,0.059754834
6219,0.07881704,0.108227335
6220,0.0059810216,0.00551051
6221,0.051356472,0.014925258
6222,0.09657694,0.07118318
6223,0.043677658,0.050593704
6224,0.05079289,0.024117127
6225,0.28181952,0.26858547
6226,0.098690376,0.08704607
6227,0.06677046,0.056211814
6228,0.07199065,0.03042693
6229,0.09993026,0.06918495
6230,0.07239924,0.095961265
6231,0.043917183,0.013526496
6232,0.031990364,0.014733121
6233,0.02995442,0.018452907
6234,0.16971588,0.1280252
6235,0.06596031,0.044622064
6236,0.02833412,0.0492718
6237,0.06855279,0.030042654
6238,0.04913032,0.018575875
6239,0.10323426,0.074057564
6240,0.009369562,0.003981094
6241,0.071532734,0.10446144
6242,0.08458672,0.12517388
6243,0.15539384,0.1628713
6244,0.36952707,0.47570226
6245,0.009672488,0.014149022
6246,0.03759801,0.046159167
6247,0.073026225,0.114583254
6248,0.07378002,0.056788225
6249,0.054850686,0.041855283
6250,0.11671093,0.10101064
6251,0.12651727,0.13544172
6252,0.025558475,0.05106252
6253,0.13506964,0.1012489
6254,0.0808248,0.12637283
6255,0.117640845,0.13488068
6256,0.041359924,0.048195828
6257,0.07020831,0.08144334
6258,0.14163537,0.16645275
6259,0.03827431,0.009706798
6260,0.051222622,0.052968528
6261,0.061874334,0.020820044
6262,0.16447456,0.16961919
6263,0.07187793,0.08706144
6264,0.20022684,0.21869884
6265,0.044304643,0.008784537
6266,0.02719991,0.035499364
6267,0.021366829,0.017123314
6268,0.012807417,0.0049648387
6269,0.1400503,0.069745995
6270,0.10497432,0.08539369
6271,0.047953844,0.046835493
6272,0.02544576,0.016039656
6273,0.048799217,0.042616148
6274,0.026706776,0.033639472
6275,0.08795413,0.080474965
6276,0.04930644,0.13511893
6277,0.056583703,0.06594167
6278,0.035252098,0.037028782
6279,0.10569289,0.04013373
6280,0.09466076,0.13618723
6281,0.02687585,0.03333974
6282,0.05306131,0.032717213
6283,0.09759843,0.078115515
6284,0.058323763,0.053875417
6285,0.057267047,0.05813319
6286,0.11772538,0.101164356
6287,0.027770538,0.03164124
6288,0.068158284,0.07192868
6289,0.08188152,0.07989086
6290,0.048721723,0.055781424
6291,0.07229357,0.052945472
6292,0.043177478,0.0022134266
6293,0.08626337,0.02957384
6294,0.07085644,0.018145487
6295,0.05665415,0.06551128
6296,0.05292746,0.004242401
6297,0.117295645,0.31691197
6298,0.06992652,0.04195519
6299,0.27718407,0.1684433
6300,0.038866073,0.022987356
6301,0.053258564,0.017668985
6302,0.0068193506,0.003443108
6303,0.10164919,0.08858318
6304,0.061592545,0.018460592
6305,0.0068545747,0.0025592744
6306,0.12789805,0.27849978
6307,0.004332542,0.0004995581
6308,0.022839189,0.019259885
6309,0.057950392,0.034507934
6310,0.04482596,0.038020212
6311,0.080698,0.07672443
6312,0.08195197,0.0793452
6313,0.050961964,0.040733196
6314,0.06481201,0.06324405
6315,0.11021564,0.14965992
6316,0.037816398,0.03672905
6317,0.035174605,0.023279406
6318,0.0738082,0.04007993
6319,0.096450135,0.12603466
6320,0.03870404,0.054444145
6321,0.024473578,0.026238328
6322,0.18796892,0.16236407
6323,0.04818632,0.096737504
6324,0.03988052,0.03847366
6325,0.07297692,0.108319566
6326,0.11340693,0.16457748
6327,0.007270217,0.0015294163
6328,0.12406568,0.23451562
6329,0.24690558,0.31250817
6330,0.09842972,0.23350114
6331,0.030405287,0.055796795
6332,0.10126877,0.13324367
6333,0.044938676,0.040518004
6334,0.1499764,0.13689429
6335,0.15371718,0.20159858
6336,0.080366895,0.15339507
6337,0.076132976,0.11679668
6338,0.1713855,0.26251394
6339,0.027678955,0.008999731
6340,0.041402195,0.012396726
6341,0.08732714,0.06503478
6342,0.062663354,0.09071206
6343,0.03678786,0.07201322
6344,0.048968293,0.046520386
6345,0.11451296,0.11681974
6346,0.21856442,0.12082389
6347,0.5102396,0.5403912
6348,0.079000205,0.23546094
6349,0.05618215,0.030142566
6350,0.08442469,0.07874572
6351,0.09530888,0.10440764
6352,0.14941986,0.09561542
6353,0.016632734,0.00544134
6354,0.04285342,0.03028859
6355,0.033054125,0.013441955
6356,0.060486514,0.03493064
6357,0.13417494,0.42881298
6358,0.15658441,0.08897514
6359,0.005664006,0.0018983207
6360,0.04001437,0.02550052
6361,0.049412113,0.11681205
6362,0.049588233,0.0861315
6363,0.09103974,0.07945279
6364,0.12575643,0.14066787
6365,0.046467394,0.025093187
6366,0.0087989345,0.006448142
6367,0.0016977929,0.002551589
6368,0.036499023,0.014287361
6369,0.037189413,0.03815855
6370,0.057034567,0.022971986
6371,0.08345955,0.033408906
6372,0.040676583,0.03390078
6373,0.065910995,0.023625255
6374,0.23964241,0.16723667
6375,0.27539468,0.21960573
6376,0.04431169,0.058555894
6377,0.041416284,0.034100603
6378,0.019359065,0.0036429313
6379,0.3522533,0.4016447
6380,0.0062839473,0.002736041
6381,0.06784127,0.085124694
6382,0.026206596,0.03515352
6383,0.057901077,0.05979326
6384,0.085995674,0.1377858
6385,0.051758025,0.06749414
6386,0.048813306,0.057426125
6387,0.12697518,0.1398609
6388,0.23348527,0.29517734
6389,0.097830914,0.117818855
6390,0.051920056,0.03254813
6391,0.023057576,0.006840103
6392,0.019598588,0.0143642165
6393,0.39974922,0.45895553
6394,0.015223778,0.021365715
6395,0.08605908,0.063428506
6396,0.06548831,0.031464472
6397,0.048911933,0.02742958
6398,0.07560462,0.029404758
6399,0.04516411,0.03646774
6400,0.024050891,0.020043807
6401,0.07022945,0.08613919
6402,0.09330112,0.10820428
6403,0.038147505,0.047811553
6404,0.05940866,0.034231257
6405,0.114407286,0.0999731
6406,0.10241707,0.10653652
6407,0.030947736,0.0147254355
6408,0.010447415,0.002098144
6409,0.06821464,0.024439918
6410,0.04516411,0.05498982
6411,0.049151454,0.0711217
6412,0.13766211,0.23922683
6413,0.048989426,0.013833916
6414,0.12934928,0.054544058
6415,0.122536965,0.24599777
6416,0.07864092,0.124597475
6417,0.017027242,0.02015909
6418,0.007932426,0.006932329
6419,0.02425519,0.011874111
6420,0.046192646,0.072505094
6421,0.12856026,0.088075936
6422,0.037379622,0.014410329
6423,0.06314944,0.04685855
6424,0.04899647,0.035776045
6425,0.07049011,0.06625678
6426,0.07594981,0.083710566
6427,0.09249801,0.07984475
6428,0.059366394,0.057718173
6429,0.09282207,0.053567998
6430,0.09610494,0.07339661
6431,0.0139204925,0.022441687
6432,0.034456037,0.12077009
6433,0.07108187,0.08096684
6434,0.1699061,0.18708067
6435,0.084474005,0.024447603
6436,0.13255465,0.26828575
6437,0.09169491,0.12904738
6438,0.10565767,0.079237595
6439,0.083861105,0.06641817
6440,0.0679258,0.07420359
6441,0.12233267,0.13141452
6442,0.060916245,0.056304038
6443,0.5247166,0.64977133
6444,0.11021564,0.27383468
6445,0.049327575,0.014225877
6446,0.025678236,0.01827614
6447,0.08206469,0.07979096
6448,0.052532952,0.061991315
6449,0.15994477,0.26750952
6450,0.019464737,0.008907505
6451,0.049785487,0.035453252
6452,0.13261805,0.12928563
6453,0.07804916,0.03258656
6454,0.022057218,0.0065787956
6455,0.032659616,0.012819429
6456,0.13705626,0.22636898
6457,0.09999366,0.13221382
6458,0.14026165,0.17784268
6459,0.0638821,0.095561616
6460,0.07604844,0.049156517
6461,0.1254676,0.110640585
6462,0.02911609,0.20268224
6463,0.17867684,0.36722898
6464,0.10694686,0.15251893
6465,0.10236775,0.05562003
6466,0.031800155,0.047365792
6467,0.032772332,0.025177727
6468,0.015822584,0.011974023
6469,0.12556623,0.09342505
6470,0.099824585,0.09494678
6471,0.028475016,0.026830113
6472,0.03258917,0.022403259
6473,0.06761584,0.047965262
6474,0.021247068,0.00845406
6475,0.06697476,0.015440187
6476,0.18487626,0.54418784
6477,0.040317297,0.032271452
6478,0.022036083,0.018168543
6479,0.090708636,0.098374516
6480,0.03942261,0.064489104
6481,0.09114541,0.15631557
6482,0.21222411,0.37198633
6483,0.069031835,0.09428582
6484,0.0482145,0.019990008
6485,0.01955632,0.0059255273
6486,0.07482265,0.048587788
6487,0.061458692,0.14324252
6488,0.04968686,0.029028168
6489,0.23129433,0.3052684
6490,0.029947376,0.038435232
6491,0.06201523,0.10975675
6492,0.018978648,0.0021212006
6493,0.079134054,0.089920454
6494,0.102952465,0.09656842
6495,0.048369486,0.019498136
6496,0.09242052,0.12113899
6497,0.044177838,0.021450255
6498,0.1605647,0.034461822
6499,0.13409041,0.17243977
6500,0.1395783,0.1296776
6501,0.03683013,0.027183644
6502,0.0060655586,0.0032740268
6503,0.10191689,0.04548284
6504,0.08904607,0.12528917
6505,0.21761337,0.4922261
6506,0.052314565,0.04312339
6507,0.13278712,0.10481497
6508,0.036900576,0.051738847
6509,0.034258783,0.06405871
6510,0.030003734,0.016493103
6511,0.12310055,0.57095647
6512,0.018739125,0.009499289
6513,0.11461863,0.057818085
6514,0.07269512,0.062521614
6515,0.020387605,0.005756446
6516,0.0413247,0.02664566
6517,0.07182861,0.124974065
6518,0.1731326,0.21122085
6519,0.039183088,0.033724014
6520,0.1533579,0.08158936
6521,0.03203263,0.002766783
6522,0.15405533,0.1012489
6523,0.08979281,0.10874995
6524,0.06829213,0.07424202
6525,0.09316022,0.057487607
6526,0.02946833,0.051554393
6527,0.20646852,0.28717673
6528,0.08221967,0.10678246
6529,0.28268602,0.446505
6530,0.17849368,0.20563348
6531,0.040430013,0.116566114
6532,0.07889453,0.073342815
6533,0.0030856153,0.002174999
6534,0.0832623,0.08012143
6535,0.07104664,0.108696155
6536,0.08439651,0.12133113
6537,0.033483855,0.019175345
6538,0.009066637,0.002159628
6539,0.27066764,0.31395304
6540,0.029411972,0.042447068
6541,0.038281355,0.015609269
6542,0.07291351,0.10779695
6543,0.03959873,0.058325328
6544,0.076111846,0.096261
6545,0.09186398,0.02960458
6546,0.060444243,0.02589248
6547,0.08360045,0.1491911
6548,0.054103937,0.063451566
6549,0.06419911,0.030603698
6550,0.09998661,0.15819852
6551,0.09790136,0.055304922
6552,0.109799996,0.11871806
6553,0.13415381,0.14848404
6554,0.05096901,0.055527803
6555,0.062001143,0.05697268
6556,0.019006826,0.009207239
6557,0.029193584,0.008846021
6558,0.044114437,0.032478962
6559,0.022479905,0.00438074
6560,0.06109941,0.08530147
6561,0.05599194,0.018437536
6562,0.04690417,0.037835762
6563,0.1296522,0.1881182
6564,0.04345927,0.02115052
6565,0.061620723,0.09425508
6566,0.114674985,0.05599662
6567,0.042684343,0.046896975
6568,0.014202284,0.018837182
6569,0.3058211,0.5180494
6570,0.0555763,0.06182992
6571,0.02786212,0.0160166
6572,0.05742203,0.01759213
6573,0.012448133,0.00475733
6574,0.16742633,0.2336779
6575,0.15543611,0.086461976
6576,0.08277621,0.10130269
6577,0.1181058,0.1389002
6578,0.18513691,0.20582561
6579,0.09564703,0.10406948
6580,0.115161076,0.09971948
6581,0.048728768,0.039565
6582,0.18737715,0.21298082
6583,0.12457291,0.11204704
6584,0.07307554,0.02808285
6585,0.030447556,0.030127196
6586,0.15771157,0.1282942
6587,0.0040084817,0.0018137802
6588,0.08641132,0.05715713
6589,0.021303426,0.026722515
6590,0.023085756,0.010828882
6591,0.0088412035,0.0023978788
6592,0.01820372,0.027199017
6593,0.027206955,0.0068785306
6594,0.1838759,0.28243476
6595,0.0627972,0.027222073
6596,0.05133534,0.04951005
6597,0.050095458,0.12854782
6598,0.009369562,0.008723052
6599,0.064142756,0.018729586
6600,0.09327998,0.03958037
6601,0.028538419,0.025984706
6602,0.097302556,0.16295585
6603,0.07041261,0.0464589
6604,0.050778802,0.042024363
6605,0.05535791,0.2678477
6606,0.078338,0.02558506
6607,0.15267456,0.15378703
6608,0.13831024,0.15334128
6609,0.07336438,0.10652884
6610,0.02968672,0.03164124
6611,0.0255937,0.0068785306
6612,0.0950764,0.073296696
6613,0.1712446,0.12460516
6614,0.017724676,0.027114475
6615,0.044417363,0.022971986
6616,0.032053765,0.009875879
6617,0.038351804,0.057264727
6618,0.051462144,0.086769395
6619,0.032434184,0.043069594
6620,0.12665112,0.091565154
6621,0.06349464,0.018352995
6622,0.027608506,0.02212658
6623,0.049045783,0.03987242
6624,0.010285384,0.0049110404
6625,0.032328513,0.0015985859
6626,0.09356882,0.072067015
6627,0.03662583,0.051723476
6628,0.08252259,0.15468624
6629,0.21224524,0.21654691
6630,0.14269914,0.11506744
6631,0.03802774,0.046420474
6632,0.08007101,0.057218615
6633,0.13326617,0.14230488
6634,0.01301876,0.0023594513
6635,0.026657462,0.031310763
6636,0.020958232,0.025661914
6637,0.095449775,0.10096453
6638,0.022043128,0.0069553857
6639,0.035484575,0.02226492
6640,0.058189914,0.007624025
6641,0.07263172,0.033639472
6642,0.06825691,0.02710679
6643,0.0971053,0.10081851
6644,0.10587605,0.035145834
6645,0.05912687,0.018668102
6646,0.016815899,0.003535334
6647,0.028545463,0.026161473
6648,0.030299615,0.0059562693
6649,0.12913089,0.28600085
6650,0.09701372,0.33601046
6651,0.061254393,0.012757945
6652,0.1108849,0.050240174
6653,0.078866355,0.04266226
6654,0.01689339,0.011720401
6655,0.07666838,0.085624255
6656,0.04613629,0.026584176
6657,0.076386586,0.092748724
6658,0.008693263,0.01103639
6659,0.020288978,0.026061561
6660,0.04637581,0.042500865
6661,0.051553726,0.089236446
6662,0.08826409,0.10104907
6663,0.061402336,0.024409177
6664,0.20960344,0.13424279
6665,0.094477594,0.117411524
6666,0.062480185,0.07029167
6667,0.022789875,0.0085232295
6668,0.02852433,0.027045306
6669,0.06230407,0.041186642
6670,0.11392824,0.17182492
6671,0.05189188,0.06907736
6672,0.047073245,0.013511125
6673,0.07168772,0.020328172
6674,0.08131089,0.06821658
6675,0.03230738,0.029704493
6676,0.013504851,0.012381355
6677,0.07282897,0.09898167
6678,0.10524202,0.16652192
6679,0.15070201,0.1384852
6680,0.1108849,0.14207432
6681,0.091455385,0.113038465
6682,0.043417003,0.04490643
6683,0.10989863,0.09273335
6684,0.044804823,0.05818699
6685,0.066164605,0.06956923
6686,0.08554481,0.10841179
6687,0.1299058,0.07597125
6688,0.1663978,0.105914
6689,0.15252662,0.09242593
6690,0.037104875,0.033124544
6691,0.14136063,0.124628216
6692,0.046883035,0.033854667
6693,0.1093914,0.071682744
6694,0.13921197,0.12196134
6695,0.07802802,0.07375783
6696,0.06294514,0.089613035
6697,0.09530184,0.05402913
6698,0.13659835,0.12929332
6699,0.01563942,0.00128348
6700,0.063522816,0.04549053
6701,0.014526344,0.005710333
6702,0.039021056,0.048587788
6703,0.053716477,0.063359335
6704,0.07552008,0.08219652
6705,0.023515487,0.0069861277
6706,0.020493276,0.013026938
6707,0.022007905,0.020112976
6708,0.08943353,0.09123468
6709,0.10727092,0.117050305
6710,0.029813524,0.015916688
6711,0.20567246,0.23529185
6712,0.021056859,0.013103792
6713,0.051377606,0.07763901
6714,0.037886847,0.027713945
6715,0.17837392,0.18049417
6716,0.027044924,0.020658648
6717,0.14686964,0.1077662
6718,0.02478355,0.020781616
6719,0.07852116,0.1275564
6720,0.023416862,0.01743842
6721,0.08565752,0.11683511
6722,0.04054273,0.0112208435
6723,0.48697066,0.6051339
6724,0.039309893,0.020358913
6725,0.11317445,0.08113592
6726,0.11111737,0.074518695
6727,0.03194105,0.013634093
6728,0.029566957,0.03095723
6729,0.13869065,0.16045806
6730,0.26009342,0.41036007
6731,0.009855652,0.01064443
6732,0.037069652,0.02211121
6733,0.04371993,0.018475963
6734,0.11988813,0.10938016
6735,0.04459348,0.055012874
6736,0.06248723,0.06179149
6737,0.019528141,0.012504323
6738,0.17455564,0.1872728
6739,0.08921514,0.119778655
6740,0.056717552,0.03064981
6741,0.07385751,0.109841295
6742,0.04833426,0.0411559
6743,0.05718251,0.090404645
6744,0.042332105,0.040594857
6745,0.17746514,0.11686585
6746,0.0076576797,0.002659186
6747,0.04407921,0.025131615
6748,0.0031771974,0.0016293279
6749,0.15361856,0.14806901
6750,0.11219522,0.10283211
6751,0.048651278,0.057264727
6752,0.02474128,0.02317181
6753,0.02902451,0.015847519
6754,0.016787719,0.008392576
6755,0.11164573,0.054021444
6756,0.07828868,0.03593744
6757,0.030447556,0.018222341
6758,0.18640497,0.2225416
6759,0.02965854,0.03087269
6760,0.096957356,0.04214733
6761,0.030489825,0.013149906
6762,0.16425617,0.13286708
6763,0.112653136,0.1348192
6764,0.16834919,0.11486762
6765,0.12907453,0.14990585
6766,0.014054343,0.012865542
6767,0.25007573,0.23197171
6768,0.101797126,0.13176805
6769,0.01400503,0.012281443
6770,0.091842845,0.061291933
6771,0.094681896,0.09310994
6772,0.07161727,0.0528763
6773,0.11223045,0.14421089
6774,0.059260722,0.010836568
6775,0.033025946,0.043868884
6776,0.08913765,0.07874572
6777,0.10190984,0.16773623
6778,0.059457973,0.034085233
6779,0.019436559,0.011535949
6780,0.137486,0.13747069
6781,0.05345582,0.058432925
6782,0.13027214,0.12863237
6783,0.06768628,0.110240944
6784,0.04088088,0.013856973
6785,0.0033462723,0.0035968183
6786,0.12658067,0.12809438
6787,0.07310372,0.070914194
6788,0.11446364,0.12156938
6789,0.22632071,0.21011414
6790,0.066890225,0.051846445
6791,0.006579828,0.006117665
6792,0.07593572,0.035314914
6793,0.19457692,0.1289321
6794,0.077379905,0.0791838
6795,0.014385448,0.005963955
6796,0.18929334,0.2718672
6797,0.08317072,0.06267533
6798,0.17074442,0.17217077
6799,0.12753877,0.17113324
6800,0.12021923,0.13197556
6801,0.014110702,0.0045421356
6802,0.0962881,0.06441225
6803,0.06721428,0.022272605
6804,0.071892016,0.052745648
6805,0.021775426,0.023525342
6806,0.18314324,0.20104523
6807,0.16279086,0.14424163
6808,0.024508802,0.026053876
6809,0.09834518,0.04172463
6810,0.14175513,0.14223571
6811,0.049341664,0.014856089
6812,0.055703104,0.07320447
6813,0.15351993,0.16431618
6814,0.26783562,0.23755139
6815,0.09640082,0.19403605
6816,0.040105954,0.0481036
6817,0.03839407,0.022971986
6818,0.057781316,0.0449218
6819,0.0260657,0.045698036
6820,0.0159353,0.007908389
6821,0.04884853,0.05044768
6822,0.07580187,0.15273412
6823,0.060239945,0.047189023
6824,0.05338537,0.10775083
6825,0.026706776,0.015824463
6826,0.13417494,0.10963379
6827,0.077612385,0.19205318
6828,0.32403892,0.42735273
6829,0.15843719,0.16131884
6830,0.04901056,0.062283363
6831,0.07785895,0.1603274
6832,0.030081226,0.0037658995
6833,0.028749762,0.009045844
6834,0.05256113,0.07712408
6835,0.04720005,0.016523844
6836,0.21409802,0.34212044
6837,0.020528499,0.011512892
6838,0.032434184,0.021949813
6839,0.19388653,0.19501211
6840,0.2817068,0.28145102
6841,0.015695779,0.011712716
6842,0.23300622,0.44233948
6843,0.071384795,0.12601928
6844,0.051567815,0.03831995
6845,0.1201347,0.148338
6846,0.07296283,0.034115974
6847,0.074019544,0.3577374
6848,0.0655024,0.02989663
6849,0.056435764,0.043507665
6850,0.11863416,0.10355455
6851,0.015125151,0.014348845
6852,0.046932347,0.040640973
6853,0.07647113,0.07553318
6854,0.017795123,0.003066518
6855,0.026488386,0.012227645
6856,0.056766868,0.034523305
6857,0.044896405,0.05938593
6858,0.08865156,0.08353379
6859,0.28527853,0.27399608
6860,0.035083022,0.053060755
6861,0.110194504,0.12528148
6862,0.17777511,0.21908312
6863,0.027340805,0.041793797
6864,0.04737617,0.019159975
6865,0.07532283,0.06354379
6866,0.06331851,0.0747262
6867,0.10565062,0.124951005
6868,0.058471706,0.031664297
6869,0.10796131,0.11855666
6870,0.07057464,0.1253737
6871,0.02097232,0.061753064
6872,0.038556103,0.017530646
6873,0.023529578,0.0061560925
6874,0.01565351,0.0081927525
6875,0.03197627,0.05864812
6876,0.04420602,0.021258118
6877,0.1447069,0.24569803
6878,0.08255078,0.08733044
6879,0.11139917,0.27810782
6880,0.021317516,0.028574722
6881,0.010158578,0.004042578
6882,0.052673846,0.03165661
6883,0.04344518,0.02869769
6884,0.027819851,0.029012796
6885,0.051180355,0.021281173
6886,0.20350267,0.20474195
6887,0.067897625,0.078776464
6888,0.06507267,0.05366791
6889,0.028622957,0.023148753
6890,0.075625755,0.061499443
6891,0.08776391,0.115036696
6892,0.08651699,0.05996234
6893,0.110194504,0.05014026
6894,0.07193428,0.050801214
6895,0.11122304,0.3282942
6896,0.03890834,0.024270838
6897,0.094097175,0.13678668
6898,0.036210187,0.03927295
6899,0.08017668,0.14129809
6900,0.11447069,0.0588172
6901,0.06174753,0.1012489
6902,0.012074759,0.009237981
6903,0.046692826,0.032102372
6904,0.27635983,0.5955962
6905,0.03406153,0.043915
6906,0.044480763,0.02921262
6907,0.021451367,0.008815279
6908,0.09125108,0.081650846
6909,0.013582343,0.0014141337
6910,0.29470444,0.4374438
6911,0.14555228,0.14613995
6912,0.14256528,0.099496596
6913,0.06681273,0.066956155
6914,0.004684781,0.002751412
6915,0.08718624,0.08414864
6916,0.02217698,0.014979057
6917,0.13071597,0.17373092
6918,0.16917343,0.18120892
6919,0.035392992,0.063758984
6920,0.113914154,0.09782116
6921,0.18836343,0.084748104
6922,0.05534382,0.045967028
6923,0.10016978,0.12870154
6924,0.012758103,0.005764132
6925,0.113421015,0.076470815
6926,0.18238945,0.17375399
6927,0.048778083,0.050924182
6928,0.01220861,0.003550705
6929,0.0787959,0.04834185
6930,0.025452804,0.015601583
6931,0.08842613,0.121423356
6932,0.24173471,0.29224148
6933,0.028904747,0.017407678
6934,0.049898203,0.039987702
6935,0.12396706,0.13275948
6936,0.0673904,0.034408025
6937,0.097091205,0.12983899
6938,0.041261297,0.0550513
6939,0.04040888,0.027683204
6940,0.05015886,0.057187874
6941,0.029975554,0.016715983
6942,0.0046354677,0.0027975254
6943,0.14568612,0.20381202
6944,0.17287195,0.047496445
6945,0.15658441,0.14279675
6946,0.16133259,0.12801753
6947,0.09397037,0.042669944
6948,0.042867508,0.0777543
6949,0.036062248,0.03081889
6950,0.13030736,0.06966145
6951,0.08745395,0.03578373
6952,0.14229055,0.10164086
6953,0.041303568,0.042193443
6954,0.10150124,0.118602775
6955,0.028756807,0.05053222
6956,0.014603836,0.01661607
6957,0.039626908,0.009576145
6958,0.0820506,0.09218768
6959,0.025699371,0.03677516
6960,0.14884923,0.13335896
6961,0.187666,0.22218038
6962,0.07058169,0.044798832
6963,0.07304736,0.11193944
6964,0.0011553445,0.0011067133
6965,0.04055682,0.04100219
6966,0.26516566,0.21875264
6967,0.14238213,0.14309649
6968,0.025410535,0.046059255
6969,0.04419897,0.049379393
6970,0.093463145,0.12915498
6971,0.024396086,0.01676978
6972,0.077873036,0.12229951
6973,0.06697476,0.09144218
6974,0.01580145,0.007408831
6975,0.08679878,0.094408795
6976,0.04624196,0.055366408
6977,0.06426252,0.07139838
6978,0.030038958,0.0122968145
6979,0.038816758,0.026707144
6980,0.069517925,0.041094415
6981,0.18284032,0.24114053
6982,0.035160515,0.030180994
6983,0.095569536,0.044599008
6984,0.039105594,0.007916074
6985,0.00848192,0.0015217308
6986,0.162812,0.11092495
6987,0.17463315,0.09874342
6988,0.016639778,0.011243899
6989,0.12112801,0.14762326
6990,0.046312407,0.05884794
6991,0.018302348,0.015163509
6992,0.054512538,0.102309495
6993,0.036914665,0.032294508
6994,0.08956034,0.14101371
6995,0.043860823,0.03853514
6996,0.030363018,0.041455634
6997,0.047087334,0.010444607
6998,0.115921915,0.13155286
6999,0.012990581,0.01185874
7000,0.023691608,0.020712446
7001,0.13122319,0.12678015
7002,0.047355037,0.03994159
7003,0.11251224,0.10237098
7004,0.09054661,0.12669562
7005,0.043600168,0.03390078
7006,0.13288575,0.06528071
7007,0.11449887,0.098712675
7008,0.038309533,0.020489566
7009,0.030334838,0.010682858
7010,0.054146208,0.051954042
7011,0.14356564,0.07721631
7012,0.08981395,0.048049804
7013,0.054998625,0.05655766
7014,0.034878723,0.019275257
7015,0.082874835,0.14400338
7016,0.101832345,0.11403758
7017,0.0115464,0.009545403
7018,0.1376269,0.10324713
7019,0.0489542,0.0076009682
7020,0.17106849,0.13405833
7021,0.06979267,0.091557465
7022,0.11429457,0.21356492
7023,0.10940549,0.068962075
7024,0.08080367,0.10098759
7025,0.046129245,0.019690273
7026,0.05468161,0.03911924
7027,0.05229343,0.0337317
7028,0.047622737,0.048249625
7029,0.08531938,0.052192293
7030,0.037330307,0.038911734
7031,0.039591685,0.04695846
7032,0.120909624,0.17732775
7033,0.019915603,0.00551051
7034,0.005276543,0.0044883373
7035,0.23281601,0.26977673
7036,0.07395614,0.13387388
7037,0.109194145,0.11948661
7038,0.064304784,0.05797948
7039,0.033040036,0.050255544
7040,0.022698293,0.027806172
7041,0.18429154,0.20038427
7042,0.06586873,0.06561887
7043,0.08842613,0.06281366
7044,0.10527725,0.098374516
7045,0.09900739,0.12369058
7046,0.37325376,0.2529839
7047,0.0026770178,0.0022441687
7048,0.46329316,0.50822735
7049,0.057485435,0.07853053
7050,0.108806685,0.172947
7051,0.020951187,0.03059601
7052,0.09739413,0.13799332
7053,0.03861246,0.060262077
7054,0.077873036,0.14706221
7055,0.09929623,0.08025977
7056,0.20460165,0.22618453
7057,0.017372437,0.027406525
7058,0.20936392,0.31406063
7059,0.079873756,0.035460938
7060,0.014991299,0.005333743
7061,0.060859885,0.11850286
7062,0.0764359,0.07510279
7063,0.08068391,0.057057217
7064,0.035364814,0.021534797
7065,0.11848622,0.09268724
7066,0.117809914,0.111854896
7067,0.0646218,0.030311648
7068,0.04235324,0.012473581
7069,0.075625755,0.12507397
7070,0.13595729,0.10648273
7071,0.08577024,0.0990201
7072,0.04898238,0.022603082
7073,0.012800372,0.015478615
7074,0.085727975,0.061683893
7075,0.006481201,0.00046113055
7076,0.13184312,0.1009799
7077,0.0938013,0.14152865
7078,0.002275465,0.0007454944
7079,0.06479792,0.04471429
7080,0.052906327,0.031879492
7081,0.028749762,0.015939746
7082,0.055851046,0.047189023
7083,0.074139304,0.05927833
7084,0.03168744,0.04150175
7085,0.04627014,0.058532838
7086,0.023466174,0.023763593
7087,0.036900576,0.010190985
7088,0.1322165,0.13258271
7089,0.06456544,0.022095839
7090,0.11912025,0.08789916
7091,0.49683338,0.42421705
7092,0.07969059,0.12743342
7093,0.0662421,0.050616764
7094,0.042557538,0.05390616
7095,0.117535174,0.17192483
7096,0.1305187,0.039096184
7097,0.05389964,0.021350345
7098,0.048792172,0.076002
7099,0.009341383,0.009906621
7100,0.051567815,0.090028055
7101,0.06296628,0.08296507
7102,0.10252978,0.094723895
7103,0.20626423,0.23027322
7104,0.011320967,0.008261922
7105,0.021268202,0.038973216
7106,0.18141727,0.17541406
7107,0.14736983,0.19549629
7108,0.09706303,0.12816355
7109,0.059958152,0.080136806
7110,0.056379404,0.098351456
7111,0.077119246,0.13467318
7112,0.0693559,0.07444184
7113,0.1329562,0.15464012
7114,0.05747839,0.08621604
7115,0.031518362,0.035107404
7116,0.14864494,0.068531685
7117,0.04576996,0.059785575
7118,0.02391704,0.03978788
7119,0.003649198,0.0037197864
7120,0.102325484,0.08499404
7121,0.06405117,0.13332821
7122,0.089468755,0.13633324
7123,0.0521314,0.033462707
7124,0.032377824,0.020558737
7125,0.035702962,0.011167045
7126,0.0348435,0.039349806
7127,0.12457995,0.061261192
7128,0.13077937,0.120639436
7129,0.15356219,0.21520962
7130,0.1095957,0.083195634
7131,0.07827459,0.080451906
7132,0.095351145,0.07615571
7133,0.019239305,0.032217655
7134,0.16329809,0.255743
7135,0.01584372,0.007454944
7136,0.04902465,0.050762787
7137,0.08552367,0.07033778
7138,0.06336079,0.034884524
7139,0.046368767,0.084448375
7140,0.0037900936,0.0018752642
7141,0.08173358,0.046174537
7142,0.14016302,0.13588749
7143,0.05175098,0.0670407
7144,0.061078273,0.03828152
7145,0.13547823,0.2336779
7146,0.050222263,0.10280137
7147,0.029827613,0.015286477
7148,0.043395866,0.025854053
7149,0.16709523,0.11087884
7150,0.035435263,0.023279406
7151,0.0054456177,0.0005764132
7152,0.07864796,0.04627445
7153,0.122417204,0.080451906
7154,0.15139945,0.28392577
7155,0.10875033,0.1416055
7156,0.18493967,0.18310726
7157,0.05673869,0.052169234
7158,0.07493536,0.093970716
7159,0.15870489,0.13420436
7160,0.113399886,0.08327249
7161,0.086347915,0.097605966
7162,0.026650418,0.028782232
7163,0.02232492,0.03818161
7164,0.083128445,0.023679053
7165,0.17186454,0.18910964
7166,0.12418545,0.057971794
7167,0.12142389,0.20305884
7168,0.06052878,0.06366675
7169,0.10105038,0.038074013
7170,0.102093,0.14013757
7171,0.0733996,0.039080814
7172,0.089722365,0.06053107
7173,0.08092343,0.05595819
7174,0.19864881,0.2913423
7175,0.08379066,0.04156323
7176,0.033674065,0.0166007
7177,0.0244454,0.021696191
7178,0.030933645,0.02823656
7179,0.026967432,0.012173846
7180,0.031349286,0.048933636
7181,0.04195873,0.039349806
7182,0.18744056,0.3779887
7183,0.06610121,0.1402836
7184,0.025664147,0.01859893
7185,0.12798963,0.108711526
7186,0.057041615,0.06485801
7187,0.4993554,0.47219
7188,0.06496699,0.06319025
7189,0.05430119,0.062460132
7190,0.08455149,0.1430427
7191,0.05715433,0.027836913
7192,0.09377312,0.06744034
7193,0.03158881,0.011797256
7194,0.039845295,0.010129501
7195,0.08779914,0.061683893
7196,0.041007686,0.064489104
7197,0.12726402,0.10416939
7198,0.14903945,0.14203589
7199,0.07897907,0.04846482
7200,0.15866262,0.15254198
7201,0.106566444,0.12595013
7202,0.054350507,0.102517
7203,0.055329733,0.031003343
7204,0.16359396,0.14562503
7205,0.07420975,0.08862929
7206,0.075505994,0.06488875
7207,0.05778836,0.055573914
7208,0.049109187,0.04877224
7209,0.035710007,0.0412635
7210,0.03630177,0.041248128
7211,0.09399855,0.08712293
7212,0.025269639,0.020658648
7213,0.05011659,0.06385121
7214,0.12802486,0.11198555
7215,0.09504118,0.07690889
7216,0.11411141,0.13426584
7217,0.014850404,0.013772432
7218,0.10809516,0.11399147
7219,0.025333041,0.027368097
7220,0.06546717,0.13595666
7221,0.06120508,0.037036467
7222,0.046537843,0.03236368
7223,0.044170793,0.06444299
7224,0.041331746,0.02421704
7225,0.037633233,0.01350344
7226,0.4140642,0.3627099
7227,0.106573485,0.07908389
7228,0.13526689,0.15104331
7229,0.032377824,0.01728471
7230,0.13759167,0.08844484
7231,0.02961627,0.0160166
7232,0.13663357,0.15707643
7233,0.023705697,0.010782769
7234,0.10900394,0.16293278
7235,0.10685528,0.0476271
7236,0.07335029,0.09051993
7237,0.0380841,0.019913154
7238,0.040951326,0.025024017
7239,0.062134992,0.020589478
7240,0.033378184,0.020059178
7241,0.059457973,0.04303885
7242,0.03491395,0.02762172
7243,0.06307195,0.05164662
7244,0.07184975,0.07348115
7245,0.039077416,0.05609653
7246,0.095196165,0.051385313
7247,0.022268562,0.029658379
7248,0.057203643,0.016523844
7249,0.082142174,0.10253237
7250,0.07435769,0.06517312
7251,0.11423117,0.13378935
7252,0.034392633,0.026930023
7253,0.1070948,0.10817354
7254,0.07099733,0.11122469
7255,0.21962114,0.21606271
7256,0.07012378,0.06329785
7257,0.06600258,0.11756523
7258,0.051863696,0.059201475
7259,0.02552325,0.017323136
7260,0.094731204,0.15015179
7261,0.07609776,0.046896975
7262,0.101846434,0.09503132
7263,0.09071568,0.11614341
7264,0.055139523,0.040441148
7265,0.030489825,0.02341006
7266,0.054892953,0.061891403
7267,0.068665504,0.06726357
7268,0.07221608,0.07325827
7269,0.028545463,0.013611036
7270,0.22697589,0.20184453
7271,0.080472566,0.14616302
7272,0.038443383,0.032432847
7273,0.12617208,0.1107405
7274,0.04940507,0.010383123
7275,0.042120762,0.025392922
7276,0.13835955,0.27712408
7277,0.17232245,0.16370134
7278,0.035012577,0.06624909
7279,0.02394522,0.037712794
7280,0.07163136,0.06681781
7281,0.10142375,0.07903009
7282,0.0297783,0.011182415
7283,0.055174746,0.034354225
7284,0.14240326,0.25572762
7285,0.0593523,0.09497752
7286,0.019020917,0.015955117
7287,0.068130106,0.061307304
7288,0.16536926,0.27236676
7289,0.048341304,0.086408176
7290,0.010454459,0.014348845
7291,0.052624535,0.025008647
7292,0.050574504,0.005057065
7293,0.0663055,0.13671751
7294,0.13415381,0.09287169
7295,0.059253674,0.07159051
7296,0.19118135,0.22750644
7297,0.045967214,0.058717288
7298,0.0679258,0.04952542
7299,0.027136507,0.028713062
7300,0.058795765,0.06833186
7301,0.085847735,0.06598778
7302,0.13653496,0.11297698
7303,0.08090229,0.08898282
7304,0.11924706,0.08170465
7305,0.22453135,0.2925489
7306,0.100197956,0.10353918
7307,0.0913638,0.15656918
7308,0.23733877,0.12665719
7309,0.058161736,0.017261652
7310,0.10172667,0.0143949585
7311,0.19608451,0.19847058
7312,0.15100494,0.1108481
7313,0.024142474,0.013880029
7314,0.04932053,0.003896553
7315,0.026481342,0.08192752
7316,0.07666838,0.13355109
7317,0.06738336,0.07634016
7318,0.092977054,0.43085733
7319,0.008270576,0.005718019
7320,0.016907481,0.007746993
7321,0.035139382,0.012781002
7322,0.050729487,0.026253698
7323,0.039063327,0.060054567
7324,0.059634093,0.1010337
7325,0.035308454,0.05402913
7326,0.05194119,0.047550242
7327,0.12901112,0.11598202
7328,0.051363517,0.022357145
7329,0.03501962,0.015716866
7330,0.03323729,0.017307766
7331,0.05899302,0.01509434
7332,0.25051954,0.35752988
7333,0.038739264,0.03360873
7334,0.12257924,0.12038581
7335,0.07523125,0.10224801
7336,0.044248287,0.03596818
7337,0.01693566,0.0061945203
7338,0.044706196,0.048364908
7339,0.06805965,0.09457019
7340,0.03434332,0.018183915
7341,0.059521377,0.025731085
7342,0.045502257,0.07990624
7343,0.093195446,0.085163124
7344,0.065903954,0.040041503
7345,0.107658386,0.1651616
7346,0.08205764,0.04906429
7347,0.06325512,0.18182378
7348,0.02260671,0.064573646
7349,0.13903585,0.12042424
7350,0.31735343,0.3119087
7351,0.061627768,0.065342195
7352,0.071751125,0.032071628
7353,0.15184326,0.4232256
7354,0.12078986,0.17505284
7355,0.07372366,0.09459324
7356,0.072490826,0.037044153
7357,0.0436213,0.050509166
7358,0.12548873,0.1676517
7359,0.08105024,0.12170003
7360,0.0076295007,0.0067555625
7361,0.048249725,0.03766668
7362,0.075646885,0.049779043
7363,0.14317818,0.1535872
7364,0.04584041,0.006963071
7365,0.053786922,0.03779733
7366,0.013603478,0.0036429313
7367,0.03840816,0.05118549
7368,0.09842268,0.11754218
7369,0.11513995,0.12676479
7370,0.07703471,0.0763171
7371,0.051905967,0.109449334
7372,0.026911074,0.020681705
7373,0.0574643,0.08169696
7374,0.009432965,0.015801406
7375,0.03942261,0.05888637
7376,0.09752094,0.115743764
7377,0.016604556,0.012980824
7378,0.10627056,0.18821812
7379,0.049947515,0.04293894
7380,0.062325202,0.07579449
7381,0.08092343,0.08288053
7382,0.048158143,0.09390155
7383,0.23711333,0.31031778
7384,0.11971905,0.046312876
7385,0.059035286,0.060492642
7386,0.16840555,0.1636706
7387,0.013631657,0.0102908965
7388,0.029940331,0.0129270265
7389,0.1487013,0.22223417
7390,0.24901901,0.32980055
7391,0.09617539,0.083249435
7392,0.05804902,0.03729009
7393,0.28402454,0.38889444
7394,0.16453092,0.26774776
7395,0.06269153,0.094816126
7396,0.062050454,0.105060905
7397,0.08596045,0.06667179
7398,0.013702104,0.0029512355
7399,0.037295084,0.014448757
7400,0.1110117,0.12263767
7401,0.061980005,0.13271336
7402,0.097957715,0.047773123
7403,0.06932067,0.06000077
7404,0.06668592,0.07020713
7405,0.016667958,0.013772432
7406,0.16327696,0.11119395
7407,0.035336636,0.012665719
7408,0.022895547,0.0152019365
7409,0.017428795,0.015970487
7410,0.05742203,0.065703414
7411,0.20551042,0.22394036
7412,0.06102896,0.04990201
7413,0.083480686,0.062944315
7414,0.006488246,0.0024593628
7415,0.066157565,0.089958884
7416,0.06760175,0.065811016
7417,0.02133865,0.0042500864
7418,0.115161076,0.18974753
7419,0.089954846,0.10600623
7420,0.016766585,0.008469431
7421,0.036632877,0.024255466
7422,0.086481765,0.09694501
7423,0.058985975,0.045859434
7424,0.03621723,0.038596626
7425,0.05423779,0.08198901
7426,0.07085644,0.024086386
7427,0.022085397,0.041301925
7428,0.051610086,0.06215271
7429,0.07871137,0.07218999
7430,0.07990898,0.084371515
7431,0.033335917,0.029988855
7432,0.018281214,0.0014986743
7433,0.050814025,0.060807746
7434,0.08472057,0.028444069
7435,0.2002973,0.1897091
7436,0.21428823,0.26584944
7437,0.045643155,0.026776314
7438,0.06757356,0.031725783
7439,0.03516756,0.026053876
7440,0.0634735,0.053544942
7441,0.029355614,0.018629674
7442,0.0046072886,0.00015371018
7443,0.015885986,0.0085386
7444,0.228251,0.2346924
7445,0.032321468,0.024770396
7446,0.06307195,0.09934289
7447,0.057083882,0.10081851
7448,0.8981747,0.9279022
7449,0.043304287,0.0059408983
7450,0.051222622,0.034899898
7451,0.028432747,0.02447066
7452,0.037379622,0.018099373
7453,0.051729847,0.060846176
7454,0.051983457,0.04930254
7455,0.118542574,0.21214311
7456,0.017781034,0.01502517
7457,0.08012737,0.06821658
7458,0.06755243,0.016216423
7459,0.09664739,0.1480229
7460,0.084375374,0.04117127
7461,0.17248449,0.25879413
7462,0.08741872,0.06378204
7463,0.04076816,0.027936826
7464,0.014751777,0.021304231
7465,0.16903958,0.26514238
7466,0.13255465,0.10760481
7467,0.04391014,0.11168582
7468,0.05575242,0.081220455
7469,0.14414331,0.062560044
7470,0.0756962,0.14748491
7471,0.06418502,0.10096453
7472,0.02359298,0.018906351
7473,0.040747028,0.0315567
7474,0.5206447,0.6486877
7475,0.057647467,0.105867885
7476,0.020732798,0.035253428
7477,0.09549909,0.11432963
7478,0.051553726,0.04230104
7479,0.07541441,0.0867156
7480,0.061515052,0.07969873
7481,0.05754884,0.067732394
7482,0.109299816,0.19990009
7483,0.03397699,0.04788072
7484,0.052849967,0.06177612
7485,0.07191315,0.11711947
7486,0.10241002,0.08663106
7487,0.092596635,0.073304385
7488,0.09378016,0.093117625
7489,0.05435755,0.03511509
7490,0.063043766,0.054305807
7491,0.057746094,0.05209238
7492,0.07244856,0.072466664
7493,0.07680928,0.05379088
7494,0.18751805,0.24320024
7495,0.06352986,0.017645929
7496,0.1302651,0.06505015
7497,0.07989489,0.055143528
7498,0.051772114,0.0421627
7499,0.10574925,0.19430503
7500,0.069384076,0.038343005
7501,0.078852266,0.08178919
7502,0.031701528,0.010098759
7503,0.045354318,0.06710987
7504,0.13428062,0.261046
7505,0.038950607,0.033255197
7506,0.032525767,0.04870307
7507,0.059810214,0.077738926
7508,0.051257845,0.034146715
7509,0.18371387,0.17874189
7510,0.0021134352,0.003504592
7511,0.1848974,0.17087193
7512,0.16746859,0.17890328
7513,0.03397699,0.027206702
7514,0.1151963,0.074872226
7515,0.06369893,0.06588787
7516,0.08950397,0.05864043
7517,0.23779668,0.24589017
7518,0.15481617,0.22150405
7519,0.019640857,0.0065326826
7520,0.058443524,0.03281712
7521,0.16027588,0.1346117
7522,0.061951827,0.048918266
7523,0.032744154,0.007908389
7524,0.012715834,0.005787188
7525,0.049045783,0.027906083
7526,0.34107322,0.29380164
7527,0.04028912,0.02681474
7528,0.05170167,0.017107943
7529,0.047249366,0.053537257
7530,0.11108215,0.100003846
7531,0.07995125,0.077615954
7532,0.15552065,0.19106944
7533,0.08069095,0.10497636
7534,0.13964875,0.47725475
7535,0.019359065,0.01803789
7536,0.36523682,0.23234831
7537,0.011680251,0.001783038
7538,0.013314641,0.0032432848
7539,0.036203142,0.030795835
7540,0.073371425,0.10010375
7541,0.04451599,0.010705914
7542,0.046608288,0.069330975
7543,0.27515516,0.2516543
7544,0.019619722,0.009061215
7545,0.119014576,0.19319063
7546,0.04090906,0.040879223
7547,0.04799611,0.05936287
7548,0.044487808,0.039011642
7549,0.067665145,0.017738154
7550,0.091856934,0.056450065
7551,0.084093586,0.17669754
7552,0.055541076,0.021896016
7553,0.072638765,0.059731774
7554,0.04007073,0.01781501
7555,0.052779518,0.020443454
7556,0.04786226,0.027291242
7557,0.08737645,0.077293165
7558,0.015378763,0.0021058295
7559,0.04239551,0.00929178
7560,0.04934871,0.015686125
7561,0.13785937,0.13181417
7562,0.05223707,0.079206854
7563,0.03197627,0.027560236
7564,0.04263503,0.028859086
7565,0.012187475,0.014717749
7566,0.03977485,0.049494676
7567,0.09728142,0.057887252
7568,0.05025044,0.03809707
7569,0.10810925,0.09522346
7570,0.15824698,0.16204895
7571,0.059810214,0.09088883
7572,0.039267626,0.033408906
7573,0.08817251,0.092817895
7574,0.046368767,0.045797948
7575,0.16606669,0.11049456
7576,0.017541511,0.006824732
7577,0.22663069,0.3561311
7578,0.10177599,0.066110745
7579,0.04607993,0.05972409
7580,0.06257177,0.05724167
7581,0.013659836,0.010190985
7582,0.05503385,0.058317643
7583,0.06450204,0.09936594
7584,0.07123686,0.066986896
7585,0.19697215,0.25002497
7586,0.16776448,0.22843638
7587,0.33170363,0.19726396
7588,0.028341165,0.028267302
7589,0.06400186,0.09888176
7590,0.01966199,0.00869231
7591,0.14953962,0.22655344
7592,0.14771502,0.12683396
7593,0.18315029,0.25295314
7594,0.030095316,0.035384085
7595,0.20339699,0.16783614
7596,0.08727078,0.07913
7597,0.088848814,0.06603389
7598,0.014286822,0.003489221
7599,0.021641575,0.016454674
7600,0.038041834,0.0129270265
7601,0.034040395,0.032917034
7602,0.06972927,0.024770396
7603,0.0020007186,0.00028436384
7604,0.109053254,0.19233754
7605,0.037865713,0.007139838
7606,0.024959669,0.0018368367
7607,0.039401475,0.023363948
7608,0.078866355,0.04644353
7609,0.08276916,0.013357415
7610,0.08794004,0.07470315
7611,0.050729487,0.059270646
7612,0.05087038,0.027683204
7613,0.15123037,0.09181877
7614,0.06923614,0.05898628
7615,0.023938175,0.039565
7616,0.21557742,0.19116166
7617,0.20806064,0.24347693
7618,0.09103974,0.072097756
7619,0.058239225,0.03768205
7620,0.13946559,0.17506053
7621,0.10238889,0.07344273
7622,0.034822367,0.017622871
7623,0.047439575,0.054129038
7624,0.11268836,0.12349076
7625,0.2004875,0.19097722
7626,0.042613897,0.040687084
7627,0.043734018,0.020704761
7628,0.0470662,0.022303347
7629,0.048869666,0.0044806516
7630,0.14301616,0.18801829
7631,0.101959154,0.13376628
7632,0.08755257,0.085286096
7633,0.0865663,0.11414518
7634,0.11145552,0.13743228
7635,0.01857005,0.0030280906
7636,0.050003875,0.07863813
7637,0.039690312,0.017553702
7638,0.0852771,0.06558045
7639,0.046953484,0.031118626
7640,0.025262594,0.009245668
7641,0.17268173,0.35968181
7642,0.03323729,0.015324905
7643,0.111927524,0.124559045
7644,0.37919253,0.3813165
7645,0.10464322,0.16492334
7646,0.35056958,0.38107058
7647,0.026269998,0.01365715
7648,0.02228265,0.012681089
7649,0.20212188,0.2431695
7650,0.13395657,0.13277486
7651,0.11835941,0.11369173
7652,0.12999035,0.11060216
7653,0.0763725,0.11649694
7654,0.059225496,0.08388733
7655,0.038126368,0.009015102
7656,0.017337212,0.003535334
7657,0.053202208,0.07840756
7658,0.113667585,0.1349268
7659,0.67686284,0.74852246
7660,0.056541435,0.06551128
7661,0.035921354,0.033262882
7662,0.17836688,0.30795833
7663,0.08268463,0.08656189
7664,0.113787346,0.1005034
7665,0.0561117,0.06670253
7666,0.03663992,0.03254813
7667,0.016048018,0.00073012337
7668,0.14827861,0.14095992
7669,0.054040536,0.05349114
7670,0.08157155,0.037044153
7671,0.010179712,0.007439573
7672,0.08598863,0.07003036
7673,0.12718652,0.19246052
7674,0.13263918,0.20624064
7675,0.12407978,0.10565269
7676,0.034385588,0.03134919
7677,0.049792532,0.026161473
7678,0.20827903,0.23948814
7679,0.03497735,0.063805096
7680,0.055583343,0.078814894
7681,0.043938316,0.033654843
7682,0.18732785,0.23085731
7683,0.27709952,0.36402413
7684,0.030771615,0.011751143
7685,0.062388603,0.09639934
7686,0.09439306,0.15837528
7687,0.019971961,0.0038273835
7688,0.06883458,0.03439265
7689,0.06717201,0.08674634
7690,0.14982142,0.10138723
7691,0.09712643,0.1000807
7692,0.09333634,0.113399684
7693,0.06374825,0.09013565
7694,0.061479826,0.033739384
7695,0.06856688,0.036544595
7696,0.067651056,0.010221727
7697,0.17208293,0.24838796
7698,0.014103657,0.0065634246
7699,0.06873596,0.078399874
7700,0.07845071,0.10679783
7701,0.051610086,0.058017906
7702,0.11497791,0.17887254
7703,0.18970898,0.24321562
7704,0.25816315,0.8152096
7705,0.060761258,0.04048726
7706,0.1691523,0.16118819
7707,0.04562202,0.03330131
7708,0.06791876,0.076916575
7709,0.024086116,0.039880104
7710,0.02456516,0.019843984
7711,0.03110272,0.050885756
7712,0.053406507,0.07625562
7713,0.03454762,0.017584445
7714,0.075026944,0.04542136
7715,0.060007468,0.0898974
7716,0.21423891,0.34916034
7717,0.121776134,0.20697075
7718,0.057591107,0.057818085
7719,0.011285744,0.014917573
7720,0.18794075,0.23501518
7721,0.12052216,0.07707797
7722,0.10466435,0.108273454
7723,0.12709494,0.101072125
7724,0.044558257,0.023179496
7725,0.035942487,0.02770626
7726,0.049503695,0.033654843
7727,0.1367322,0.13511124
7728,0.11072991,0.060369674
7729,0.022395367,0.017031088
7730,0.039986193,0.068962075
7731,0.042430732,0.045790263
7732,0.057703823,0.06628752
7733,0.08355113,0.08891366
7734,0.12037422,0.14248933
7735,0.10400214,0.12712601
7736,0.12792623,0.08387964
7737,0.055026807,0.038527455
7738,0.057767227,0.054459516
7739,0.06609416,0.05897091
7740,0.053012,0.0368059
7741,0.055900358,0.087999076
7742,0.09912715,0.14991353
7743,0.14930715,0.13622564
7744,0.049503695,0.08754563
7745,0.089602605,0.0719671
7746,0.010158578,0.015663067
7747,0.050095458,0.08118203
7748,0.05750657,0.078791834
7749,0.03561843,0.030411558
7750,0.111434385,0.21381086
7751,0.11422412,0.08584713
7752,0.1261298,0.1704108
7753,0.054435045,0.03669062
7754,0.07206109,0.11515198
7755,0.07428724,0.07082965
7756,0.018816616,0.010521462
7757,0.035660695,0.024101757
7758,0.022050172,0.013787803
7759,0.067644015,0.100365065
7760,0.08408654,0.104707375
7761,0.09614721,0.09463167
7762,0.091976695,0.16246398
7763,0.069384076,0.062091228
7764,0.08666493,0.1866349
7765,0.032765288,0.021542482
7766,0.046911214,0.034169775
7767,0.054054625,0.051323827
7768,0.066855,0.021788418
7769,0.0904198,0.06404334
7770,0.058225136,0.048795298
7771,0.10582674,0.09749068
7772,0.017372437,0.016208738
7773,0.09192738,0.184091
7774,0.044734377,0.025469776
7775,0.030222122,0.0047650156
7776,0.05258931,0.072067015
7777,0.034878723,0.020727817
7778,0.021345695,0.011213157
7779,0.1025016,0.0763709
7780,0.031405646,0.052322946
7781,0.11521744,0.11448334
7782,0.07767578,0.054444145
7783,0.023839548,0.023932675
7784,0.0255937,0.015540099
7785,0.06572079,0.11645083
7786,0.05419552,0.04144795
7787,0.034244694,0.016792838
7788,0.038866073,0.042531606
7789,0.06598145,0.041593976
7790,0.023628205,0.029627638
7791,0.014272732,0.013649464
7792,0.05862669,0.0945625
7793,0.057400897,0.0277908
7794,0.23314711,0.27740845
7795,0.06997584,0.09930446
7796,0.074146345,0.054036815
7797,0.13778892,0.11274642
7798,0.075132616,0.054728508
7799,0.1372324,0.18840256
7800,0.04917259,0.08780694
7801,0.037006248,0.02809822
7802,0.037752997,0.01743842
7803,0.26713818,0.24032587
7804,0.01692157,0.026038505
7805,0.026741998,0.005687277
7806,0.014054343,0.007431887
7807,0.054420955,0.034830727
7808,0.07620343,0.04963302
7809,0.27178776,0.50021905
7810,0.08457263,0.08824501
7811,0.1122234,0.26113054
7812,0.04584041,0.035499364
7813,0.07718265,0.04362295
7814,0.055998985,0.00528763
7815,0.06632664,0.10327018
7816,0.04627014,0.04096376
7817,0.11521744,0.1150905
7818,0.016914526,0.0061407215
7819,0.06469225,0.055435576
7820,0.08909538,0.14268148
7821,0.08739054,0.1598509
7822,0.082106955,0.074856855
7823,0.029397883,0.06347462
7824,0.12643273,0.17801945
7825,0.20904692,0.2603543
7826,0.05764042,0.077615954
7827,0.03459693,0.035745304
7828,0.058887348,0.040648658
7829,0.029383793,0.012711832
7830,0.03185651,0.03735926
7831,0.041606493,0.052269146
7832,0.032828692,0.0063636014
7833,0.044022854,0.019982323
7834,0.019647902,0.0027283556
7835,0.05895075,0.034292743
7836,0.14562976,0.13923068
7837,0.06762288,0.06993813
7838,0.05728818,0.06637205
7839,0.09313908,0.06999193
7840,0.14826451,0.18110134
7841,0.03401926,0.011535949
7842,0.12354437,0.120985284
7843,0.122149505,0.1443108
7844,0.042874552,0.049041234
7845,0.090990424,0.114183605
7846,0.05264567,0.022603082
7847,0.07331506,0.036267918
7848,0.04073294,0.03246359
7849,0.2592762,0.36867386
7850,0.09604858,0.07600968
7851,0.19185059,0.46235254
7852,0.0045650196,0.0067478768
7853,0.07022945,0.047358107
7854,0.03473783,0.02431695
7855,0.028073464,0.017937979
7856,0.063290335,0.04334627
7857,0.03335705,0.01788418
7858,0.028763851,0.035276487
7859,0.037999563,0.03379318
7860,0.07985967,0.08059025
7861,0.05569606,0.031410675
7862,0.06972927,0.105099335
7863,0.070271716,0.07438035
7864,0.033040036,0.005410598
7865,0.043903094,0.03412366
7866,0.05484364,0.049071975
7867,0.05249773,0.038927104
7868,0.24463011,0.21979786
7869,0.045657244,0.07716251
7870,0.017168138,0.014287361
7871,0.0561117,0.01848365
7872,0.19242826,0.26721746
7873,0.1813891,0.20350459
7874,0.016632734,0.01608577
7875,0.07633728,0.09616877
7876,0.1688212,0.1106867
7877,0.15610535,0.11791108
7878,0.044177838,0.02763709
7879,0.12853208,0.111040235
7880,0.047517065,0.06794758
7881,0.19520392,0.38306883
7882,0.1072357,0.06926949
7883,0.094329655,0.02241863
7884,0.08741872,0.0369673
7885,0.047693186,0.04187834
7886,0.04264912,0.058494408
7887,0.07608367,0.105890945
7888,0.13633065,0.117411524
7889,0.018091004,0.018929409
7890,0.11771129,0.21625485
7891,0.08579138,0.10964916
7892,0.072272435,0.023525342
7893,0.039767805,0.04731968
7894,0.064037085,0.085977785
7895,0.06281833,0.026530378
7896,0.034625113,0.013349729
7897,0.0041564223,0.0018137802
7898,0.019915603,0.017546017
7899,0.08766529,0.1736387
7900,0.041846015,0.037858818
7901,0.16126919,0.148338
7902,0.016217092,0.01033701
7903,0.1367322,0.0909042
7904,0.025044207,0.009460862
7905,0.039817117,0.03658302
7906,0.13144861,0.20518772
7907,0.12940563,0.18373746
7908,0.07827459,0.035399456
7909,0.023311188,0.013641778
7910,0.12677088,0.19229144
7911,0.0049313484,0.00064558274
7912,0.066383,0.027936826
7913,0.09992321,0.03600661
7914,0.04906692,0.07179034
7915,0.005896484,0.0020750875
7916,0.039915744,0.030165622
7917,0.024501758,0.006763248
7918,0.12916611,0.120639436
7919,0.03297663,0.023817392
7920,0.029883973,0.03460016
7921,0.05494227,0.05090881
7922,0.049975697,0.043238673
7923,0.018450288,0.00816201
7924,0.057499524,0.043461554
7925,0.057414986,0.044914115
7926,0.043600168,0.015939746
7927,0.024438355,0.028159704
7928,0.12991285,0.17984091
7929,0.09405491,0.105829455
7930,0.069024794,0.01826077
7931,0.05644281,0.050347768
7932,0.06257881,0.088759944
7933,0.0146320155,0.005825616
7934,0.103833064,0.10608308
7935,0.03446308,0.0342082
7936,0.04516411,0.037420742
7937,0.09266004,0.11393767
7938,0.020507365,0.013780118
7939,0.0702365,0.087630175
7940,0.06399482,0.050831955
7941,0.10315677,0.13548015
7942,0.011292788,0.007055297
7943,0.20714483,0.27660915
7944,0.09555545,0.09862045
7945,0.13299847,0.17293164
7946,0.045234557,0.024854936
7947,0.07719674,0.06308266
7948,0.029052688,0.009199554
7949,0.08488964,0.0369673
7950,0.044818915,0.14501786
7951,0.104199395,0.12899359
7952,0.03013054,0.01692349
7953,0.039183088,0.018775698
7954,0.08741872,0.15133536
7955,0.030891376,0.009076586
7956,0.12929292,0.3553395
7957,0.18622181,0.13760135
7958,0.36820266,0.4682627
7959,0.027404208,0.0073627178
7960,0.046488527,0.047258195
7961,0.07906361,0.036068093
7962,0.033829052,0.011966337
7963,0.0625929,0.070921876
7964,0.03399108,0.011689659
7965,0.033906545,0.033862352
7966,0.015181509,0.02453983
7967,0.052039817,0.0946163
7968,0.030518003,0.03152596
7969,0.102184586,0.16537678
7970,0.065143116,0.05623487
7971,0.0323426,0.056511547
7972,0.03556207,0.06499635
7973,0.10325539,0.08811436
7974,0.070419654,0.022872075
7975,0.05690776,0.017999463
7976,0.09380834,0.16568421
7977,0.022881458,0.005856358
7978,0.04709438,0.064174
7979,0.040260937,0.025830995
7980,0.020225573,0.018091688
7981,0.096210614,0.061099797
7982,0.104784116,0.14286593
7983,0.23435882,0.54693156
7984,0.15685211,0.15692273
7985,0.045798138,0.058263842
7986,0.058429435,0.05910925
7987,0.024128385,0.0069477
7988,0.14148039,0.108334936
7989,0.07669656,0.15770665
7990,0.059197318,0.022218807
7991,0.05107468,0.049256425
7992,0.02555143,0.012043193
7993,0.05144101,0.02267225
7994,0.12335416,0.16604543
7995,0.09565407,0.09746762
7996,0.062430874,0.009729855
7997,0.113294214,0.13440418
7998,0.00652347,0.00063789723
7999,0.03213126,0.014756178
8000,0.04254345,0.04336164
8001,0.10964502,0.10693617
8002,0.02752397,0.014149022
8003,0.043748107,0.040418092
8004,0.04289569,0.03131845
8005,0.08412176,0.027222073
8006,0.031271793,0.023540715
8007,0.07168772,0.07155209
8008,0.09268118,0.1795335
8009,0.106820054,0.06473504
8010,0.093463145,0.13029243
8011,0.044191927,0.030542213
8012,0.12841935,0.07070668
8013,0.036252458,0.014041425
8014,0.05211731,0.023517657
8015,0.1713855,0.18882526
8016,0.03527323,0.030765092
8017,0.042585716,0.03300926
8018,0.08192379,0.04228567
8019,0.0028179134,0.0018752642
8020,0.07830277,0.052907042
8021,0.06356508,0.07899166
8022,0.09127222,0.080528766
8023,0.13632362,0.11360719
8024,0.047911573,0.049725242
8025,0.035350725,0.012581178
8026,0.1909559,0.31907928
8027,0.033892453,0.009560773
8028,0.21354148,0.27177498
8029,0.18418586,0.18556662
8030,0.08595341,0.05188487
8031,0.15441461,0.17641318
8032,0.03492804,0.027498752
8033,0.069137506,0.05164662
8034,0.09528775,0.0675172
8035,0.086101346,0.058763403
8036,0.080993876,0.081258886
8037,0.04956005,0.039442033
8038,0.042550493,0.05008646
8039,0.05750657,0.046435844
8040,0.084213346,0.22154248
8041,0.02734785,0.018230027
8042,0.17583075,0.58352226
8043,0.052800655,0.05089344
8044,0.13055393,0.1593744
8045,0.06670706,0.03152596
8046,0.110314265,0.100311264
8047,0.04437509,0.036544595
8048,0.042642076,0.029181877
8049,0.17479517,0.17349268
8050,0.082240805,0.026361296
8051,0.016428435,0.009983476
8052,0.024149518,0.0065173116
8053,0.04478369,0.08744572
8054,0.10788382,0.079222225
8055,0.13469626,0.08176613
8056,0.045086615,0.040771626
8057,0.071405925,0.12950082
8058,0.07673883,0.11769588
8059,0.036520157,0.04134804
8060,0.04332542,0.029350959
8061,0.11847213,0.12243784
8062,0.042726614,0.010352381
8063,0.01935202,0.011474465
8064,0.14622153,0.1214541
8065,0.04725641,0.03177958
8066,0.11813398,0.08502479
8067,0.061155766,0.04721977
8068,0.03878858,0.0027437266
8069,0.21480954,0.2007455
8070,0.15457664,0.20186758
8071,0.17459792,0.2568113
8072,0.23491536,0.4694693
8073,0.114400245,0.17171733
8074,0.033638842,0.066149175
8075,0.0471296,0.019997694
8076,0.067763776,0.04914883
8077,0.07803507,0.030757407
8078,0.11450592,0.11473697
8079,0.01547739,0.029735234
8080,0.1271513,0.11131691
8081,0.18698265,0.12063175
8082,0.072025865,0.109395534
8083,0.07406181,0.06305192
8084,0.14324158,0.07474926
8085,0.046425123,0.07355032
8086,0.04228279,0.042839028
8087,0.037379622,0.031426046
8088,0.0616489,0.007524113
8089,0.061310753,0.07667832
8090,0.055026807,0.051093265
8091,0.01982402,0.0049648387
8092,0.017851481,0.015309534
8093,0.05905642,0.07153672
8094,0.028918836,0.04204742
8095,0.05534382,0.05760289
8096,0.05673164,0.03973408
8097,0.031715617,0.013734004
8098,0.12137458,0.19551934
8099,0.05195528,0.0459286
8100,0.020831425,0.009053529
8101,0.051490325,0.05065519
8102,0.08774278,0.094754644
8103,0.056041256,0.049171887
8104,0.045600884,0.029719863
8105,0.08408654,0.044030283
8106,0.084481046,0.18277678
8107,0.072540134,0.14086
8108,0.026932208,0.034469508
8109,0.14875765,0.18978596
8110,0.24691263,0.3001883
8111,0.059676364,0.05996234
8112,0.09814088,0.07733159
8113,0.07269512,0.095192716
8114,0.04709438,0.03465396
8115,0.018964557,0.008507858
8116,0.01777399,0.02144257
8117,0.07346301,0.031456787
8118,0.074893095,0.12448219
8119,0.03315275,0.035568535
8120,0.034441948,0.07797717
8121,0.023113936,0.014840717
8122,0.111673914,0.17341582
8123,0.12002198,0.15521654
8124,0.19000486,0.20377359
8125,0.14071251,0.13617954
8126,0.02817209,0.0043961112
8127,0.046411034,0.021995926
8128,0.041056998,0.07120624
8129,0.15764113,0.20711678
8130,0.088003434,0.12395957
8131,0.03208899,0.083249435
8132,0.030658899,0.016454674
8133,0.035710007,0.005410598
8134,0.030877287,0.041932136
8135,0.06152914,0.05308381
8136,0.06971518,0.058755714
8137,0.059591826,0.06963071
8138,0.13007489,0.1613342
8139,0.0481511,0.026415095
8140,0.01939429,0.0123045
8141,0.2146757,0.22358683
8142,0.041451506,0.011989394
8143,0.120381266,0.17529109
8144,0.07049715,0.13276717
8145,0.025635967,0.013034623
8146,0.082614176,0.103938825
8147,0.059944063,0.028167391
8148,0.042670254,0.06551896
8149,0.05039134,0.048818354
8150,0.119528845,0.106336705
8151,0.26115012,0.3951274
8152,0.078485936,0.06078469
8153,0.10347378,0.1317373
8154,0.012173386,0.0024286208
8155,0.06721428,0.10491488
8156,0.005889439,0.0049725245
8157,0.29336593,0.3508281
8158,0.11699977,0.17062598
8159,0.103438556,0.17365408
8160,0.10041635,0.05568151
8161,0.13786642,0.19338277
8162,0.15425962,0.14957538
8163,0.13643633,0.1527495
8164,0.018372796,0.015632326
8165,0.13729578,0.12402106
8166,0.033075258,0.022510856
8167,0.26996315,0.35909772
8168,0.13667585,0.20068401
8169,0.061951827,0.06116128
8170,0.01630163,0.039841678
8171,0.045967214,0.038988587
8172,0.126475,0.13763978
8173,0.041049954,0.035460938
8174,0.013913448,0.007516428
8175,0.061296664,0.08810668
8176,0.049461428,0.014702379
8177,0.121036425,0.07390385
8178,0.060634453,0.053314377
8179,0.1625302,0.30121046
8180,0.102698855,0.15838297
8181,0.026129102,0.0021212006
8182,0.014188195,0.012227645
8183,0.03329365,0.02808285
8184,0.14417854,0.13183722
8185,0.057767227,0.09823617
8186,0.037309173,0.025085501
8187,0.069285445,0.039050072
8188,0.032349646,0.007977558
8189,0.059880663,0.037205547
8190,0.11307582,0.0904815
8191,0.09263186,0.13727088
8192,0.07170885,0.042139646
8193,0.01303285,0.022603082
8194,0.110060655,0.04024901
8195,0.16677116,0.2348999
8196,0.042332105,0.018529762
8197,0.09787318,0.07031472
8198,0.048284948,0.0679399
8199,0.02544576,0.03027322
8200,0.05927481,0.020873843
8201,0.07945107,0.102709144
8202,0.17185046,0.22398648
8203,0.012314281,0.02681474
8204,0.040683627,0.009652999
8205,0.08005692,0.10211736
8206,0.057379764,0.115812935
8207,0.06643231,0.106644124
8208,0.06599554,0.04903355
8209,0.0195845,0.06426623
8210,0.026291132,0.011789571
8211,0.06708043,0.033347424
8212,0.13413268,0.12555048
8213,0.06850348,0.03740537
8214,0.052392058,0.08510932
8215,0.13015942,0.1165738
8216,0.02669973,0.010221727
8217,0.47704458,0.45996234
8218,0.048045427,0.041301925
8219,0.13060324,0.25316066
8220,0.08854589,0.036360145
8221,0.06845416,0.06586481
8222,0.01966199,0.0067248205
8223,0.007721083,0.0038120125
8224,0.08152928,0.079675674
8225,0.053124715,0.037966415
8226,0.031771973,0.041494064
8227,0.10471366,0.12279906
8228,0.031222481,0.010951851
8229,0.10985636,0.088752255
8230,0.056745734,0.036029667
8231,0.046537843,0.04791146
8232,0.06329738,0.043523036
8233,0.16603851,0.189663
8234,0.029228808,0.010959536
8235,0.03725986,0.029681435
8236,0.07134957,0.050332397
8237,0.052392058,0.06828575
8238,0.110828534,0.06434308
8239,0.050039098,0.08377973
8240,0.04054273,0.04944088
8241,0.032694843,0.03493064
8242,0.089102425,0.03910387
8243,0.05768269,0.060454212
8244,0.036005888,0.025969334
8245,0.04219121,0.047942206
8246,0.010856012,0.009791339
8247,0.052948594,0.116220266
8248,0.011299833,0.01434116
8249,0.022726472,0.009822081
8250,0.034230605,0.008846021
8251,0.10003593,0.11734235
8252,0.012800372,0.0091226995
8253,0.050518144,0.05182339
8254,0.052230027,0.041286554
8255,0.082586,0.07947585
8256,0.08407245,0.18001768
8257,0.03799252,0.026922338
8258,0.13607705,0.27653998
8259,0.045002077,0.07910694
8260,0.19851495,0.20508012
8261,0.16028292,0.2504323
8262,0.11163869,0.06749414
8263,0.11872574,0.09995773
8264,0.1796138,0.20454213
8265,0.07336438,0.06989202
8266,0.115407646,0.09792107
8267,0.009334339,0.0022134266
8268,0.026284087,0.024747338
8269,0.013089208,0.0041117473
8270,0.12256515,0.055812165
8271,0.08357227,0.05655766
8272,0.022740562,0.026653346
8273,0.08030349,0.0700073
8274,0.03423765,0.00823118
8275,0.13971919,0.18604311
8276,0.052518863,0.008277293
8277,0.5232795,0.46345925
8278,0.14624971,0.18582024
8279,0.08972941,0.06983822
8280,0.09313908,0.15203474
8281,0.08608021,0.10765861
8282,0.09053252,0.05697268
8283,0.045178197,0.043715175
8284,0.07111709,0.08822964
8285,0.007650635,0.0062329476
8286,0.17284377,0.23191792
8287,0.047679096,0.027683204
8288,0.034364454,0.049125772
8289,0.062036365,0.09382469
8290,0.18741943,0.14006072
8291,0.09190625,0.076493874
8292,0.016005749,0.021142835
8293,0.052920416,0.05082427
8294,0.011342102,0.012243016
8295,0.086369045,0.11771125
8296,0.10784155,0.015847519
8297,0.06221953,0.058056336
8298,0.056640062,0.05681128
8299,0.03316684,0.045098566
8300,0.038640637,0.019359797
8301,0.13499215,0.17193252
8302,0.1339777,0.06564962
8303,0.031130899,0.018660415
8304,0.018661631,0.0068631596
8305,0.06459362,0.047450334
8306,0.036196098,0.0304961
8307,0.019767663,0.035314914
8308,0.048855577,0.051124007
8309,0.083093226,0.084017985
8310,0.07945107,0.09059678
8311,0.23187906,0.27465704
8312,0.1684126,0.11605118
8313,0.03351908,0.02989663
8314,0.022000859,0.03162587
8315,0.034265827,0.06119202
8316,0.034364454,0.030011913
8317,0.019119542,0.029727548
8318,0.09291365,0.07359643
8319,0.031715617,0.008861392
8320,0.014688374,0.009568458
8321,0.081853345,0.051431425
8322,0.035125293,0.018406793
8323,0.1038542,0.0933943
8324,0.10522089,0.117795795
8325,0.07253309,0.07990624
8326,0.12915906,0.14910656
8327,0.060106095,0.0615225
8328,0.023226652,0.023740537
8329,0.10711594,0.08828344
8330,0.06197296,0.021980556
8331,0.07915519,0.12981594
8332,0.13206151,0.13912308
8333,0.0773165,0.06710987
8334,0.03659765,0.008138954
8335,0.07930313,0.127395
8336,0.03266666,0.011912539
8337,0.06221953,0.02384045
8338,0.16151576,0.07503363
8339,0.16145235,0.09697575
8340,0.035400037,0.016208738
8341,0.06600258,0.05844061
8342,0.031955138,0.023502287
8343,0.06960246,0.056726743
8344,0.04233915,0.016892748
8345,0.03877449,0.0797141
8346,0.015759181,0.012581178
8347,0.15191372,0.17066441
8348,0.024156563,0.0072397497
8349,0.16894801,0.19216079
8350,0.058929615,0.02098144
8351,0.0351112,0.028221188
8352,0.036294725,0.03888099
8353,0.07581596,0.057502978
8354,0.19887425,0.16747493
8355,0.017365392,0.015317219
8356,0.11649959,0.2216962
8357,0.102698855,0.07348115
8358,0.09215282,0.14138262
8359,0.03330774,0.036221802
8360,0.058640778,0.10579103
8361,0.007869024,0.010360066
8362,0.027129462,0.02424778
8363,0.062430874,0.03893479
8364,0.12422772,0.11236214
8365,0.14872947,0.20574877
8366,0.042740703,0.06628752
8367,0.3992138,0.54570955
8368,0.0080733225,0.002674557
8369,0.10150124,0.14275832
8370,0.02163453,0.02840564
8371,0.04407921,0.037566766
8372,0.12446019,0.2557353
8373,0.023057576,0.015009799
8374,0.058077198,0.038435232
8375,0.06405117,0.03759751
8376,0.019161811,0.018737271
8377,0.060120184,0.09047381
8378,0.11372394,0.055120472
8379,0.16404483,0.44175538
8380,0.028087553,0.0069400147
8381,0.13208266,0.14066018
8382,0.12185362,0.07986012
8383,0.038161594,0.021504054
8384,0.13685901,0.12269915
8385,0.021028679,0.0363294
8386,0.026981521,0.030895745
8387,0.078633875,0.061560925
8388,0.10908143,0.15023632
8389,0.15942346,0.18834108
8390,0.08856702,0.15431733
8391,0.13033554,0.11165507
8392,0.028961105,0.035460938
8393,0.009961324,0.00272067
8394,0.010609444,0.006978442
8395,0.030419376,0.020850785
8396,0.043586075,0.028228875
8397,0.31571198,0.28536296
8398,0.09936667,0.14218192
8399,0.03992279,0.02228029
8400,0.0717793,0.039987702
8401,0.028249582,0.048188142
8402,0.07621752,0.08767629
8403,0.021282291,0.010029589
8404,0.053378325,0.030111823
8405,0.11272358,0.13989164
8406,0.058753494,0.032432847
8407,0.06262813,0.035914384
8408,0.050842203,0.053552628
8409,0.02880612,0.04088691
8410,0.083473645,0.138001
8411,0.03982416,0.032794066
8412,0.014202284,0.007293548
8413,0.020669395,0.0044114823
8414,0.036766727,0.029758291
8415,0.071257986,0.03088806
8416,0.108193785,0.15124314
8417,0.024684923,0.018253084
8418,0.06057105,0.09340199
8419,0.1289759,0.19615725
8420,0.06364258,0.028728433
8421,0.11041994,0.07199016
8422,0.11932454,0.2109749
8423,0.0755553,0.021896016
8424,0.07144115,0.103485376
8425,0.06446682,0.04914883
8426,0.05742203,0.03111094
8427,0.054702744,0.06530377
8428,0.022219248,0.01902932
8429,0.06335374,0.04854936
8430,0.10197324,0.12559658
8431,0.045748826,0.018537447
8432,0.056210328,0.040356606
8433,0.07780259,0.14187449
8434,0.01839393,0.015855204
8435,0.065030396,0.05506667
8436,0.02574164,0.05050148
8437,0.06262108,0.10276294
8438,0.113054685,0.08908273
8439,0.075245336,0.099058524
8440,0.06906001,0.08970526
8441,0.16521427,0.19015487
8442,0.036174964,0.013395842
8443,0.06697476,0.101118244
8444,0.090462066,0.09012797
8445,0.03921831,0.049748298
8446,0.13489352,0.17280866
8447,0.06846825,0.1135534
8448,0.11461159,0.21424125
8449,0.0702224,0.12041655
8450,0.07935949,0.14788456
8451,0.113104,0.14120586
8452,0.063804604,0.050770473
8453,0.079352446,0.10120278
8454,0.01285673,0.005633478
8455,0.10577038,0.091180876
8456,0.12243129,0.3165815
8457,0.088475436,0.12548131
8458,0.011433684,0.013034623
8459,0.1405857,0.10798909
8460,0.041817836,0.039657228
8461,0.22787057,0.45359105
8462,0.0046354677,0.003051147
8463,0.034603976,0.032640357
8464,0.031919915,0.024609
8465,0.02478355,0.029527726
8466,0.11704908,0.09792107
8467,0.029848749,0.005840987
8468,0.048031334,0.042992737
8469,0.17900091,0.16689083
8470,0.07520307,0.079614185
8471,0.061655946,0.017784268
8472,0.062022276,0.0802444
8473,0.11421708,0.12668793
8474,0.04359312,0.052584253
8475,0.11934568,0.13906929
8476,0.019816976,0.00913807
8477,0.029256986,0.029735234
8478,0.04655193,0.041386466
8479,0.08543209,0.10110287
8480,0.19484463,0.21374938
8481,0.091328576,0.11452945
8482,0.044762556,0.044360757
8483,0.06447386,0.048426393
8484,0.054153252,0.043476924
8485,0.02279692,0.030941859
8486,0.110060655,0.17473774
8487,0.02652361,0.009268723
8488,0.038640637,0.009068901
8489,0.06836963,0.088790685
8490,0.06729882,0.074180536
8491,0.23473924,0.34885293
8492,0.034448992,0.05383699
8493,0.038365893,0.039557315
8494,0.033265468,0.0049571535
8495,0.104079634,0.12605003
8496,0.041965775,0.013219075
8497,0.022627845,0.008815279
8498,0.08246624,0.07275871
8499,0.0696236,0.057372324
8500,0.080134414,0.16008915
8501,0.062346336,0.036444683
8502,0.04858083,0.027567921
8503,0.09139198,0.08612382
8504,0.09738709,0.088075936
8505,0.028939972,0.020950697
8506,0.13993758,0.1494063
8507,0.091476515,0.16899666
8508,0.050243396,0.08072858
8509,0.21104763,0.27634785
8510,0.14336134,0.09491604
8511,0.15359038,0.1669062
8512,0.06896139,0.030703608
8513,0.07008151,0.06649502
8514,0.014913807,0.0049725245
8515,0.045706555,0.056480806
8516,0.017682407,0.03650617
8517,0.08730601,0.025262268
8518,0.42079902,0.5865965
8519,0.15084995,0.16765937
8520,0.0061923647,0.004011836
8521,0.020845516,0.0050032665
8522,0.08569275,0.051946357
8523,0.02572755,0.02763709
8524,0.019295663,0.02262614
8525,0.0063403053,0.0014833033
8526,0.018605273,0.007216693
8527,0.15907122,0.22325635
8528,0.12623549,0.13346654
8529,0.20016344,0.258602
8530,0.08942649,0.042155016
8531,0.02089483,0.01661607
8532,0.055822864,0.051777273
8533,0.039373297,0.011827998
8534,0.115900785,0.095115855
8535,0.085861824,0.038673483
8536,0.064910635,0.0379741
8537,0.023508443,0.018975522
8538,0.025234414,0.03968797
8539,0.058725316,0.027145218
8540,0.041106313,0.019075433
8541,0.20577814,0.23158744
8542,0.022832144,0.030357761
8543,0.18594003,0.18768013
8544,0.027481701,0.016546901
8545,0.07071554,0.05927833
8546,0.06059923,0.12273758
8547,0.21909277,0.2639665
8548,0.10796835,0.04781924
8549,0.08891221,0.088006765
8550,0.05534382,0.058755714
8551,0.062106814,0.04365369
8552,0.1298706,0.09817469
8553,0.23787417,0.32811743
8554,0.102557965,0.095500134
8555,0.0232971,0.049740613
8556,0.034082662,0.024401492
8557,0.055984896,0.08774546
8558,0.14670058,0.09063521
8559,0.07237811,0.016523844
8560,0.117056124,0.29533106
8561,0.1433684,0.14425701
8562,0.103311755,0.028113592
8563,0.06174753,0.052130807
8564,0.11637983,0.10611382
8565,0.06195887,0.047481075
8566,0.023832504,0.007969873
8567,0.04151491,0.057372324
8568,0.17383003,0.17250894
8569,0.098443806,0.1402836
8570,0.09289956,0.13969181
8571,0.19373155,0.16305576
8572,0.027911432,0.018967835
8573,0.061324842,0.06036199
8574,0.015604196,0.003443108
8575,0.0034237648,0.0022441687
8576,0.1351894,0.2234946
8577,0.1008813,0.036867388
8578,0.08115591,0.0903739
8579,0.112300895,0.07460324
8580,0.06080353,0.0674634
8581,0.06360031,0.049955808
8582,0.011940909,0.013265189
8583,0.10225504,0.09505437
8584,0.17291422,0.24825731
8585,0.15790178,0.18416017
8586,0.0555763,0.026038505
8587,0.06491768,0.070084155
8588,0.016308675,0.007954502
8589,0.11160346,0.16121893
8590,0.05650621,0.046927717
8591,0.0815786,0.06918495
8592,0.13106115,0.06276755
8593,0.087975256,0.079314455
8594,0.07247674,0.055965878
8595,0.09726028,0.1330131
8596,0.07172294,0.076109596
8597,0.0070166048,0.0023671368
8598,0.04183897,0.05866349
8599,0.008094456,0.008992045
8600,0.037252817,0.034746185
8601,0.044952765,0.05180033
8602,0.03623837,0.044737346
8603,0.045777004,0.13516505
8604,0.023423906,0.009437805
8605,0.094195805,0.09403989
8606,0.073526405,0.0782308
8607,0.054730926,0.043369327
8608,0.03582977,0.035107404
8609,0.113301255,0.1416593
8610,0.13792278,0.08769166
8611,0.054463223,0.08572417
8612,0.01565351,0.015870577
8613,0.10968728,0.11120163
8614,0.0179642,0.015371018
8615,0.09004643,0.11799562
8616,0.011349146,0.009207239
8617,0.18893406,0.123337045
8618,0.028066419,0.005318372
8619,0.015033568,0.00883065
8620,0.07382229,0.036260232
8621,0.022670114,0.011113246
8622,0.068278044,0.049556162
8623,0.036506068,0.015809093
8624,0.070652135,0.06846251
8625,0.13711967,0.13071513
8626,0.054125074,0.014110594
8627,0.06356508,0.03383161
8628,0.12305123,0.10307036
8629,0.0779294,0.057272412
8630,0.05706275,0.018368367
8631,0.12248766,0.09507743
8632,0.0397044,0.06630289
8633,0.23888862,0.20830035
8634,0.03742189,0.024416862
8635,0.022226293,0.012465895
8636,0.18051554,0.17754294
8637,0.065143116,0.059516583
8638,0.10675665,0.12987742
8639,0.03877449,0.015632326
8640,0.09962733,0.017684355
8641,0.102346614,0.10118741
8642,0.0820506,0.13485762
8643,0.017189272,0.0060946085
8644,0.025459848,0.01019867
8645,0.41339496,0.539761
8646,0.12550987,0.16306344
8647,0.08442469,0.043915
8648,0.041451506,0.05096261
8649,0.06376234,0.09493141
8650,0.11823261,0.08282673
8651,0.13128659,0.086323634
8652,0.03057436,0.014594781
8653,0.12483357,0.112631135
8654,0.036470845,0.01646236
8655,0.10728501,0.1312147
8656,0.031130899,0.009453176
8657,0.12025446,0.15063597
8658,0.1711812,0.15867501
8659,0.061888427,0.06508089
8660,0.17288604,0.19472773
8661,0.09588655,0.05424432
8662,0.025938893,0.011589748
8663,0.036414485,0.022818277
8664,0.014082522,0.010967221
8665,0.12782055,0.09749068
8666,0.04908101,0.034039117
8667,0.033638842,0.059170734
8668,0.033984035,0.053275947
8669,0.14879288,0.13044615
8670,0.025776863,0.009222611
8671,0.104953185,0.123729005
8672,0.6462462,0.7667909
8673,0.02069053,0.019659532
8674,0.122896254,0.24261615
8675,0.048707634,0.019651847
8676,0.043874912,0.030911118
8677,0.049235992,0.04396111
8678,0.1251365,0.078130886
8679,0.03161699,0.024693541
8680,0.08333275,0.1257503
8681,0.02602343,0.008769166
8682,0.14801794,0.19265266
8683,0.0069532017,0.0011758829
8684,0.12305123,0.16888906
8685,0.050053187,0.021042924
8686,0.01839393,0.037966415
8687,0.18382658,0.20544134
8688,0.117809914,0.1539638
8689,0.064290695,0.06721746
8690,0.050003875,0.025146985
8691,0.0653756,0.03811244
8692,0.12405864,0.07537179
8693,0.1039951,0.022272605
8694,0.02182474,0.023963418
8695,0.08725669,0.15823695
8696,0.07029989,0.047019944
8697,0.024480624,0.0072090076
8698,0.028827256,0.032932404
8699,0.00927798,0.008500173
8700,0.2165496,0.17536794
8701,0.03257508,0.01640856
8702,0.16860986,0.18147025
8703,0.012384729,0.006056181
8704,0.057732,0.02777543
8705,0.03242714,0.00838489
8706,0.34331346,0.43723628
8707,0.05978908,0.07539485
8708,0.04259981,0.015194251
8709,0.1600293,0.14165162
8710,0.11430866,0.05619644
8711,0.01563942,0.011405296
8712,0.1149286,0.10994121
8713,0.10198733,0.0593475
8714,0.11219522,0.10653652
8715,0.11375917,0.081666216
8716,0.088989705,0.13585675
8717,0.020274887,0.016715983
8718,0.008460785,0.0060484954
8719,0.19666219,0.231403
8720,0.022092441,0.015355647
8721,0.11145552,0.13149138
8722,0.07449859,0.057041846
8723,0.044847094,0.019444337
8724,0.091610365,0.08983591
8725,0.030243257,0.023279406
8726,0.081120685,0.0544672
8727,0.08329752,0.07461861
8728,0.05497749,0.05279945
8729,0.0068123057,0.0023671368
8730,0.06607302,0.09459324
8731,0.034730785,0.03830458
8732,0.022761697,0.01057526
8733,0.052089132,0.058617376
8734,0.0036844218,0.0034661645
8735,0.05330788,0.027229758
8736,0.08590409,0.09611498
8737,0.13969101,0.10853476
8738,0.022127666,0.02801368
8739,0.06755947,0.06717135
8740,0.16539039,0.16664489
8741,0.13126546,0.17946433
8742,0.042881597,0.046643354
8743,0.021240022,0.015655382
8744,0.23750784,0.24270068
8745,0.059366394,0.029765977
8746,0.17495015,0.19421281
8747,0.083058,0.08829112
8748,0.018626409,0.010659801
8749,0.05461116,0.01812243
8750,0.14823633,0.18237713
8751,0.13914153,0.24986358
8752,0.07418862,0.026661031
8753,0.012934223,0.0093609495
8754,0.005572424,0.0022134266
8755,0.07229357,0.023886561
8756,0.12549578,0.12290666
8757,0.039006967,0.037566766
8758,0.031581767,0.015978172
8759,0.0392324,0.11798793
8760,0.038372938,0.050816584
8761,0.05106059,0.04048726
8762,0.059239585,0.040341236
8763,0.05618215,0.014640895
8764,0.025938893,0.02907428
8765,0.04432578,0.051861815
8766,0.03168744,0.027952196
8767,0.08569275,0.08295739
8768,0.047369126,0.03222534
8769,0.18575686,0.26441225
8770,0.027735313,0.009883565
8771,0.1837984,0.24177843
8772,0.12503082,0.0952004
8773,0.0641498,0.1153518
8774,0.017626049,0.008484802
8775,0.13873997,0.16514622
8776,0.05520997,0.062337164
8777,0.07430133,0.043323215
8778,0.05715433,0.06425086
8779,0.14711621,0.17304692
8780,0.14694715,0.20858471
8781,0.0593523,0.04731199
8782,0.057950392,0.07908389
8783,0.08550958,0.05337586
8784,0.15220255,0.14628598
8785,0.0759639,0.017692043
8786,0.18037464,0.19938517
8787,0.029278122,0.025469776
8788,0.053329013,0.02732967
8789,0.04331133,0.028059794
8790,0.25258368,0.645944
8791,0.13784528,0.10780463
8792,0.037006248,0.024493717
8793,0.053920776,0.028059794
8794,0.059415706,0.0844868
8795,0.074745156,0.047258195
8796,0.02201495,0.032525074
8797,0.013504851,0.002928179
8798,0.13685197,0.10358529
8799,0.09237825,0.083241746
8800,0.21564788,0.30704376
8801,0.16233295,0.11648926
8802,0.021648621,0.0030588326
8803,0.031130899,0.02159628
8804,0.066383,0.14451063
8805,0.086721286,0.13339739
8806,0.07897203,0.0299658
8807,0.1292436,0.14024517
8808,0.08929968,0.13077661
8809,0.07323053,0.07438035
8810,0.014949031,0.007355032
8811,0.046326496,0.027245129
8812,0.06743971,0.07554087
8813,0.06873596,0.05845598
8814,0.06458658,0.060538754
8815,0.06289583,0.07590209
8816,0.09022959,0.052853245
8817,0.08293119,0.043830458
8818,0.011870461,0.0016370134
8819,0.06272675,0.052369058
8820,0.08976463,0.14035277
8821,0.05397713,0.033032317
8822,0.031159079,0.011297698
8823,0.032124214,0.02657649
8824,0.043050673,0.058179304
8825,0.08701717,0.118548974
8826,0.24167131,0.3002498
8827,0.020232618,0.0076009682
8828,0.0433536,0.06036199
8829,0.07656271,0.02650732
8830,0.05294155,0.01855282
8831,0.12713721,0.21814549
8832,0.03665401,0.017569074
8833,0.045333184,0.02108135
8834,0.03977485,0.0166007
8835,0.30701166,0.6199593
8836,0.053906687,0.09073512
8837,0.065030396,0.03793567
8838,0.054892953,0.031133996
8839,0.030623674,0.039780196
8840,0.10920823,0.06388195
8841,0.0881232,0.09541559
8842,0.09043389,0.0881451
8843,0.045227513,0.034784615
8844,0.056245554,0.03794336
8845,0.14183263,0.14248165
8846,0.13933878,0.11635092
8847,0.028235493,0.02236483
8848,0.058901437,0.029650694
8849,0.17631684,0.16277139
8850,0.07244151,0.072105445
8851,0.09153992,0.05171579
8852,0.079119965,0.09559236
8853,0.04278297,0.055573914
8854,0.025502117,0.0064097145
8855,0.083360925,0.15050532
8856,0.09525956,0.14941397
8857,0.0102501605,0.0033431964
8858,0.054273013,0.01856819
8859,0.03446308,0.029558467
8860,0.05160304,0.04088691
8861,0.16724317,0.19867809
8862,0.058971886,0.037927985
8863,0.08739758,0.15655382
8864,0.08281848,0.09887407
8865,0.06562216,0.053245205
8866,0.061388247,0.057333898
8867,0.018964557,0.020789301
8868,0.06612939,0.045528956
8869,0.10679892,0.120232105
8870,0.048432887,0.038834877
8871,0.034808274,0.012988511
8872,0.14264278,0.10153326
8873,0.06787649,0.05496676
8874,0.11738019,0.09011259
8875,0.04207849,0.059247587
8876,0.0790777,0.14143643
8877,0.1820513,0.56012756
8878,0.035125293,0.013903086
8879,0.26844147,0.26161474
8880,0.059267767,0.05362948
8881,0.075259425,0.08511701
8882,0.08976463,0.17071821
8883,0.051786207,0.0020289745
8884,0.17656341,0.20166776
8885,0.048735812,0.035445567
8886,0.15838082,0.14592476
8887,0.055829912,0.075756066
8888,0.04133879,0.09561542
8889,0.040620223,0.03851977
8890,0.06105714,0.044798832
8891,0.041881237,0.02303347
8892,0.018316438,0.01593206
8893,0.24948397,0.2872382
8894,0.16613713,0.16911194
8895,0.04426942,0.06362064
8896,0.078387305,0.09768282
8897,0.035456397,0.025339123
8898,0.05986657,0.058379125
8899,0.0617898,0.058448296
8900,0.045727693,0.07879952
8901,0.022254473,0.0027283556
8902,0.032990724,0.04307728
8903,0.09765479,0.07880721
8904,0.1419383,0.12030127
8905,0.021218888,0.033070747
8906,0.23485196,0.26442763
8907,0.034244694,0.041386466
8908,0.086333826,0.09146524
8909,0.009848608,0.016139569
8910,0.1078345,0.039126925
8911,0.019619722,0.019751757
8912,0.070785984,0.08609307
8913,0.09640787,0.06913115
8914,0.086594485,0.12763324
8915,0.05389964,0.0131345345
8916,0.0072420374,0.0021519426
8917,0.06508676,0.023679053
8918,0.08105024,0.081174344
8919,0.02066235,0.02053568
8920,0.09705599,0.13557237
8921,0.22746198,0.13711716
8922,0.110328354,0.13348961
8923,0.0124129085,0.012273758
8924,0.0611135,0.03427737
8925,0.18834229,0.1644699
8926,0.054068714,0.056019675
8927,0.05900711,0.044061024
8928,0.10611558,0.19619568
8929,0.025480982,0.008131268
8930,0.08989144,0.03338585
8931,0.11592896,0.10683626
8932,0.060063824,0.06521923
8933,0.0044804825,0.0009991162
8934,0.15069497,0.27024555
8935,0.115520366,0.13023095
8936,0.07336438,0.039764825
8937,0.036513112,0.014456443
8938,0.055026807,0.05884794
8939,0.1282362,0.20486493
8940,0.12598892,0.250855
8941,0.17631684,0.14059101
8942,0.09137789,0.045006342
8943,0.03690762,0.039565
8944,0.019831067,0.014502555
8945,0.05242728,0.0867156
8946,0.16501701,0.14833032
8947,0.06724951,0.10442301
8948,0.03347681,0.038166236
8949,0.04621378,0.008592399
8950,0.028749762,0.024616685
8951,0.053364236,0.037397686
8952,0.063903235,0.0513392
8953,0.015766226,0.0063251737
8954,0.065276965,0.0801906
8955,0.04232506,0.07398071
8956,0.07721788,0.06275218
8957,0.08193788,0.115405604
8958,0.070919834,0.05464397
8959,0.049778443,0.026023133
8960,0.049412113,0.0640126
8961,0.051828474,0.06911578
8962,0.10260727,0.1323214
8963,0.09511162,0.088022135
8964,0.043036584,0.037851132
8965,0.08926445,0.10999501
8966,0.11938795,0.113453485
8967,0.05735863,0.04084848
8968,0.059887707,0.068908274
8969,0.07710516,0.06999193
8970,0.030898422,0.07522576
8971,0.2476946,0.18132421
8972,0.03080684,0.030096453
8973,0.099570975,0.07981401
8974,0.017668318,0.004019521
8975,0.081987195,0.074088305
8976,0.13855681,0.217131
8977,0.0069672912,0.005771817
8978,0.017449928,0.025638858
8979,0.046763275,0.037228607
8980,0.071370706,0.08140491
8981,0.036724456,0.017407678
8982,0.054660477,0.009722169
8983,0.044600524,0.048441764
8984,0.076879725,0.08758406
8985,0.025001938,0.014525612
8986,0.074625395,0.036052722
8987,0.020465096,0.014164393
8988,0.04147969,0.008869077
8989,0.13651381,0.11481382
8990,0.03532959,0.013887715
8991,0.09828882,0.13907696
8992,0.040669538,0.023571456
8993,0.07168067,0.112200744
8994,0.09063114,0.08617761
8995,0.03982416,0.059378244
8996,0.093829475,0.062990434
8997,0.06835554,0.121838376
8998,0.11274472,0.062536985
8999,0.049398024,0.048779927
9000,0.15510501,0.22512393
9001,0.09599222,0.074518695
9002,0.02266307,0.015547785
9003,0.10913075,0.10098759
9004,0.0359284,0.016854322
9005,0.04749593,0.102693774
9006,0.035576157,0.008684625
9007,0.0673904,0.051930983
9008,0.07217381,0.025715712
9009,0.009489324,0.007501057
9010,0.045629065,0.051654305
9011,0.08778505,0.038419858
9012,0.040049594,0.01640856
9013,0.124777205,0.18241556
9014,0.017978288,0.0066249087
9015,0.051257845,0.05758752
9016,0.046530798,0.04584406
9017,0.016822943,0.023471544
9018,0.105559036,0.14636283
9019,0.052096177,0.040325865
9020,0.15890919,0.16260232
9021,0.037428934,0.019805556
9022,0.08469239,0.1021481
9023,0.013441447,0.0016062714
9024,0.12245947,0.20355071
9025,0.15440053,0.1250586
9026,0.071899064,0.046989202
9027,0.14088863,0.095600046
9028,0.25351357,0.28763017
9029,0.0609092,0.061599355
9030,0.24408767,0.6163163
9031,0.122417204,0.13803174
9032,0.09168786,0.087207474
9033,0.055463582,0.06753257
9034,0.047559336,0.0112208435
9035,0.08128976,0.07422665
9036,0.0198522,0.015640011
9037,0.09079317,0.03578373
9038,0.16984269,0.12872459
9039,0.08655926,0.13417362
9040,0.02051441,0.02226492
9041,0.06097965,0.03847366
9042,0.123516195,0.053775508
9043,0.18458742,0.13167582
9044,0.039655086,0.04446067
9045,0.022092441,0.0117280865
9046,0.19778934,0.30884987
9047,0.05780245,0.06473504
9048,0.004649557,0.0026361295
9049,0.082867794,0.042623833
9050,0.009031413,0.0027590976
9051,0.3145214,0.4041348
9052,0.0804162,0.10380817
9053,0.014822225,0.009768282
9054,0.084868506,0.13273643
9055,0.049919337,0.071014106
9056,0.132294,0.18385275
9057,0.03683013,0.024424547
9058,0.103191994,0.124958694
9059,0.09265299,0.04801906
9060,0.029299255,0.0261461
9061,0.031504273,0.04735042
9062,0.021599308,0.008976675
9063,0.00796765,0.005272259
9064,0.030334838,0.015040541
9065,0.09468894,0.10609845
9066,0.06687613,0.092779465
9067,0.09493551,0.104238555
9068,0.11011701,0.06439688
9069,0.03477305,0.016270222
9070,0.028073464,0.015862891
9071,0.059394572,0.09015102
9072,0.0230928,0.017699728
9073,0.090208456,0.11664297
9074,0.073991366,0.09108865
9075,0.18362229,0.18465972
9076,0.115907826,0.15674596
9077,0.088482484,0.03290935
9078,0.06016245,0.02748338
9079,0.0899478,0.08096684
9080,0.050003875,0.06129962
9081,0.09418172,0.08191215
9082,0.06401595,0.017638244
9083,0.004959528,0.0011451408
9084,0.050285667,0.076417014
9085,0.012807417,0.011789571
9086,0.12183953,0.19706413
9087,0.036562428,0.03877339
9088,0.1840168,0.17977174
9089,0.06695362,0.05014026
9090,0.17054012,0.18563579
9091,0.048926022,0.032917034
9092,0.06787649,0.06840103
9093,0.10421348,0.10245552
9094,0.045706555,0.042224187
9095,0.08267054,0.054736193
9096,0.037196457,0.020789301
9097,0.22195296,0.25899395
9098,0.14999048,0.2005841
9099,0.051032413,0.049548477
9100,0.08339615,0.0925489
9101,0.037830487,0.0459824
9102,0.056485076,0.08176613
9103,0.10145193,0.052084696
9104,0.07745035,0.1267033
9105,0.019683126,0.016516158
9106,0.013673925,0.007378089
9107,0.20063543,0.25170043
9108,0.017372437,0.017261652
9109,0.054378685,0.08264228
9110,0.20367174,0.29755986
9111,0.12984945,0.097951815
9112,0.082994595,0.05936287
9113,0.037104875,0.04828805
9114,0.028404567,0.0155631555
9115,0.041521955,0.039980017
9116,0.077260144,0.06490412
9117,0.020155126,0.01290397
9118,0.0709762,0.08972832
9119,0.2693573,0.2599854
9120,0.19955054,0.25025555
9121,0.012250879,0.013541867
9122,0.10476298,0.113837756
9123,0.054068714,0.043438498
9124,0.015146285,0.017822696
9125,0.07305441,0.07671675
9126,0.00829171,0.007877647
9127,0.08313549,0.12517388
9128,0.028101642,0.011366867
9129,0.061902516,0.07693963
9130,0.037309173,0.022564655
9131,0.06628437,0.014556354
9132,0.09108201,0.052545823
9133,0.0077140382,0.007262806
9134,0.056661196,0.09345579
9135,0.056351226,0.016055029
9136,0.055710148,0.1503055
9137,0.05553403,0.07617877
9138,0.06908115,0.06564962
9139,0.07455494,0.04466818
9140,0.1959577,0.29072744
9141,0.10296656,0.08906736
9142,0.051448055,0.025777197
9143,0.10077563,0.085209236
9144,0.08563639,0.123805866
9145,0.09742232,0.09268724
9146,0.1778667,0.14348845
9147,0.05592149,0.01396457
9148,0.013363955,0.008922876
9149,0.21371056,0.22166546
9150,0.056161016,0.01879107
9151,0.047030974,0.037128694
9152,0.04313521,0.03775122
9153,0.061860245,0.037436113
9154,0.064058214,0.028636206
9155,0.03338523,0.07270491
9156,0.12257219,0.26102296
9157,0.103966914,0.26668715
9158,0.052525908,0.061722323
9159,0.06420616,0.0684164
9160,0.09349837,0.09010491
9161,0.11875392,0.073711716
9162,0.06211386,0.024132498
9163,0.11323081,0.15992007
9164,0.07385751,0.080451906
9165,0.08516439,0.114598624
9166,0.038415205,0.023878876
9167,0.07129321,0.093509585
9168,0.13387907,0.086415865
9169,0.04590381,0.087952964
9170,0.102057785,0.059485838
9171,0.010834877,0.005671906
9172,0.020493276,0.0036736734
9173,0.094815746,0.0343158
9174,0.19456284,0.3701956
9175,0.058521017,0.044791147
9176,0.06881345,0.060415786
9177,0.1218184,0.09543096
9178,0.079634234,0.158529
9179,0.09026481,0.06765553
9180,0.07915519,0.091134764
9181,0.011976132,0.000860777
9182,0.29388723,0.3533259
9183,0.038880162,0.052115437
9184,0.032314423,0.01805326
9185,0.02767191,0.011989394
9186,0.07980331,0.041248128
9187,0.16677116,0.18377589
9188,0.058556244,0.029051224
9189,0.09468894,0.080851555
9190,0.04674214,0.036613766
9191,0.0332232,0.046351306
9192,0.05554812,0.02613073
9193,0.05163122,0.038081698
9194,0.040845655,0.0304961
9195,0.16019134,0.20192137
9196,0.11254042,0.0839027
9197,0.08728487,0.09206471
9198,0.3149793,0.30344695
9199,0.029728986,0.038957845
9200,0.13318868,0.24718903
9201,0.13801436,0.09064289
9202,0.08047961,0.16045037
9203,0.19643675,0.36401644
9204,0.064558394,0.0957307
9205,0.23359798,0.32040888
9206,0.022303784,0.019382853
9207,0.03821795,0.02481651
9208,0.045734737,0.029550781
9209,0.013772552,0.0016139569
9210,0.038020696,0.033047687
9211,0.07556939,0.02883603
9212,0.06584055,0.059824
9213,0.036823083,0.016454674
9214,0.06434705,0.06346694
9215,0.02999669,0.015440187
9216,0.003226511,0.00046113055
9217,0.06174753,0.09936594
9218,0.10426984,0.14672405
9219,0.040507507,0.022925872
9220,0.21069539,0.19002421
9221,0.020486232,0.01381086
9222,0.010419235,0.0041886023
9223,0.100564286,0.11430658
9224,0.12084622,0.17208624
9225,0.02656588,0.01208162
9226,0.047397304,0.07840756
9227,0.049264174,0.04362295
9228,0.051504415,0.05209238
9229,0.07455494,0.014256619
9230,0.043233838,0.04449141
9231,0.046305362,0.09368636
9232,0.18347435,0.2764862
9233,0.08386815,0.087914534
9234,0.120881446,0.08621604
9235,0.07406181,0.09380164
9236,0.029278122,0.012558121
9237,0.16425617,0.16058102
9238,0.012173386,0.011051762
9239,0.05531564,0.046435844
9240,0.011926819,0.025554318
9241,0.045072526,0.02176536
9242,0.042381417,0.05878646
9243,0.03442786,0.009199554
9244,0.07807029,0.04306191
9245,0.032229885,0.027713945
9246,0.031673346,0.038442917
9247,0.08857407,0.052630365
9248,0.051743936,0.016047344
9249,0.13654199,0.26967683
9250,0.022212204,0.010360066
9251,0.22832143,0.20788532
9252,0.12036718,0.09058909
9253,0.044184882,0.046789378
9254,0.14276254,0.06955386
9255,0.14863789,0.17471467
9256,0.07993716,0.05160051
9257,0.13255465,0.103047304
9258,0.09387174,0.0416862
9259,0.02902451,0.028559351
9260,0.057633374,0.06010068
9261,0.006389619,0.005341429
9262,0.041564222,0.038665794
9263,0.092730485,0.10759713
9264,0.06636186,0.09412443
9265,0.054484356,0.022480113
9266,0.047101423,0.10560658
9267,0.112794034,0.07577912
9268,0.057499524,0.035583906
9269,0.008355114,0.018183915
9270,0.031462003,0.02550052
9271,0.038696997,0.04016447
9272,0.21630304,0.28716904
9273,0.06855279,0.091549784
9274,0.059225496,0.05041694
9275,0.11361123,0.08518618
9276,0.043114077,0.036121894
9277,0.040810432,0.021488683
9278,0.16242453,0.18256158
9279,0.039950967,0.009868193
9280,0.21371056,0.26329017
9281,0.1296522,0.1579987
9282,0.059648182,0.039219152
9283,0.03057436,0.016862007
9284,0.09200487,0.110648274
9285,0.012624253,0.0046881605
9286,0.1089194,0.122960456
9287,0.048763994,0.017961035
9288,0.025424624,0.003712101
9289,0.046044707,0.007839219
9290,0.14745437,0.1864812
9291,0.050095458,0.06962302
9292,0.018323483,0.030488415
9293,0.26134035,0.20860776
9294,0.034589887,0.010152557
9295,0.05918323,0.05002498
9296,0.03880267,0.03553011
9297,0.07735173,0.06816278
9298,0.099937305,0.056534603
9299,0.038196817,0.016024286
9300,0.07135662,0.016915806
9301,0.019337932,0.011067132
9302,0.107425906,0.16506936
9303,0.074646525,0.13525727
9304,0.13153316,0.13700189
9305,0.03515347,0.020328172
9306,0.15249844,0.15578526
9307,0.055766508,0.09327902
9308,0.04300136,0.015862891
9309,0.051842563,0.03542251
9310,0.044938676,0.03886562
9311,0.06336079,0.08144334
9312,0.00960204,0.0030280906
9313,0.066643655,0.03811244
9314,0.154161,0.18627368
9315,0.06092329,0.037051838
9316,0.072645806,0.18937862
9317,0.009806339,0.002613073
9318,0.09039162,0.15181954
9319,0.14241734,0.21836837
9320,0.035026666,0.013710948
9321,0.08182516,0.053552628
9322,0.12649614,0.07823848
9323,0.022684203,0.037059523
9324,0.047087334,0.041778427
9325,0.10909552,0.19116166
9326,0.08165609,0.06343619
9327,0.117788784,0.18309188
9328,0.09337861,0.059870116
9329,0.034188334,0.020781616
9330,0.058697138,0.047965262
9331,0.046833724,0.049732927
9332,0.018795483,0.023694424
9333,0.021402054,0.009491604
9334,0.027270358,0.019206086
9335,0.07952856,0.0310264
9336,0.11301947,0.13245974
9337,0.058521017,0.099058524
9338,0.08018373,0.09009722
9339,0.08914469,0.1203397
9340,0.11881732,0.0965761
9341,0.04820041,0.08553203
9342,0.17952222,0.1660531
9343,0.20559497,0.28095916
9344,0.018823663,0.004242401
9345,0.11514699,0.16746724
9346,0.13124432,0.16128041
9347,0.027502835,0.018007148
9348,0.12649614,0.15929754
9349,0.073505275,0.1461169
9350,0.14968756,0.20352764
9351,0.08705239,0.13797794
9352,0.024776503,0.012873228
9353,0.11668275,0.09772893
9354,0.079246774,0.10337778
9355,0.037865713,0.035776045
9356,0.11136394,0.055012874
9357,0.053343102,0.056211814
9358,0.05877463,0.050286286
9359,0.023980444,0.015009799
9360,0.095485,0.11774968
9361,0.10303701,0.13124543
9362,0.070905745,0.04051032
9363,0.010391056,0.016885063
9364,0.11721111,0.10085694
9365,0.026974477,0.022480113
9366,0.015089926,0.008415632
9367,0.08714397,0.05147754
9368,0.1386977,0.13815472
9369,0.07415339,0.14505629
9370,0.1031145,0.068885215
9371,0.021099128,0.0055950508
9372,0.09965551,0.0829497
9373,0.015280136,0.010805826
9374,0.033589527,0.031687353
9375,0.031011138,0.037589826
9376,0.030391198,0.016585328
9377,0.010841922,0.014963686
9378,0.29700807,0.48743036
9379,0.1749079,0.18013296
9380,0.15609127,0.16049649
9381,0.11238544,0.16362448
9382,0.09736595,0.07378857
9383,0.1137169,0.07633247
9384,0.031328153,0.033962265
9385,0.07073668,0.10743573
9386,0.065523535,0.086876996
9387,0.03285687,0.033654843
9388,0.019577455,0.01865273
9389,0.051300116,0.028167391
9390,0.076612025,0.058963224
9391,0.031109765,0.007762364
9392,0.018577095,0.0060638664
9393,0.18011399,0.14487953
9394,0.056351226,0.14342697
9395,0.12968743,0.1420897
9396,0.1173661,0.10146409
9397,0.2751763,0.31643546
9398,0.08388928,0.022395574
9399,0.104819335,0.14031434
9400,0.044523034,0.052714907
9401,0.05602012,0.049786728
9402,0.03721759,0.019513506
9403,0.04214894,0.07351958
9404,0.074505635,0.057280097
9405,0.041071087,0.040833108
9406,0.052392058,0.05082427
9407,0.07966241,0.0646505
9408,0.023184383,0.0038581255
9409,0.25472528,0.5296469
9410,0.10497432,0.1296776
9411,0.104699574,0.1459017
9412,0.0639455,0.06955386
9413,0.039169,0.033070747
9414,0.061134633,0.075771436
9415,0.044452585,0.040448833
9416,0.05561152,0.059647236
9417,0.29424652,0.36508474
9418,0.08538278,0.081258886
9419,0.06731995,0.083587594
9420,0.07830982,0.07192868
9421,0.05156077,0.09168812
9422,0.06945452,0.08980517
9423,0.06339601,0.036513854
9424,0.020007186,0.007155209
9425,0.02301531,0.009483918
9426,0.048975337,0.030034969
9427,0.038880162,0.036682934
9428,0.08620702,0.07951427
9429,0.03804888,0.020128349
9430,0.09450577,0.14973678
9431,0.030743437,0.025869424
9432,0.034949172,0.05916305
9433,0.0702365,0.09824386
9434,0.09764775,0.07134458
9435,0.18776461,0.24234715
9436,0.1746754,0.10132575
9437,0.09577383,0.07322753
9438,0.012391775,0.013849287
9439,0.13003966,0.1215079
9440,0.060507648,0.05962418
9441,0.04833426,0.06850094
9442,0.057189554,0.051108636
9443,0.24033985,0.28670022
9444,0.07496354,0.045336816
9445,0.36644852,0.4600315
9446,0.17714109,0.61736155
9447,0.018450288,0.0038888676
9448,0.08940535,0.046966147
9449,0.0132794175,0.0068631596
9450,0.008693263,0.012604235
9451,0.029574001,0.025392922
9452,0.066911355,0.08709987
9453,0.13039894,0.19848596
9454,0.07834504,0.07537179
9455,0.04582632,0.069730625
9456,0.12307942,0.18650424
9457,0.07889453,0.100257464
9458,0.0056217373,0.002113515
9459,0.12992695,0.06946163
9460,0.03892243,0.043822773
9461,0.06717201,0.078830265
9462,0.10617898,0.05325289
9463,0.14741209,0.23244822
9464,0.06526992,0.05397533
9465,0.012729924,0.009814395
9466,0.06431183,0.06358222
9467,0.039781895,0.026384352
9468,0.16810262,0.18844868
9469,0.0983804,0.07338124
9470,0.00942592,0.0108903665
9471,0.08482624,0.0640664
9472,0.017478108,0.017253967
9473,0.011687296,0.0063405447
9474,0.10350196,0.20608692
9475,0.012102938,0.011658917
9476,0.10515749,0.13965338
9477,0.08432606,0.13337432
9478,0.030990003,0.022533912
9479,0.08682696,0.03958037
9480,0.07894385,0.048364908
9481,0.036724456,0.051669676
9482,0.12978604,0.08749952
9483,0.08719329,0.032778695
9484,0.17615482,0.12250701
9485,0.16357988,0.121361874
9486,0.047115512,0.04764247
9487,0.05835899,0.03398532
9488,0.15427372,0.16978058
9489,0.02017626,0.011459094
9490,0.12772194,0.17284709
9491,0.11482997,0.6211044
9492,0.009623175,0.015885947
9493,0.07247674,0.05864812
9494,0.02393113,0.024670484
9495,0.032004453,0.03042693
9496,0.031814244,0.017561387
9497,0.043226793,0.019221459
9498,0.07716856,0.036375515
9499,0.08132498,0.076432385
9500,0.012765148,0.011420666
9501,0.02702379,0.026937708
9502,0.06481905,0.043684434
9503,0.025178056,0.05402913
9504,0.042627987,0.048564732
9505,0.036456756,0.026522692
9506,0.083121404,0.107551016
9507,0.046333544,0.038235407
9508,0.11587965,0.09842832
9509,0.04397354,0.06075395
9510,0.07509035,0.092010915
9511,0.09204714,0.13579527
9512,0.09275162,0.146701
9513,0.048383575,0.02897437
9514,0.20961754,0.27569458
9515,0.029447196,0.01049072
9516,0.11374508,0.21846828
9517,0.17762718,0.1893402
9518,0.015970524,0.011459094
9519,0.051412832,0.06159167
9520,0.016428435,0.014079852
9521,0.10901803,0.124935634
9522,0.06693249,0.021396456
9523,0.15919802,0.1545479
9524,0.132294,0.19799408
9525,0.07803507,0.051277716
9526,0.03111681,0.0078007914
9527,0.122417204,0.15074357
9528,0.1366688,0.097091034
9529,0.054540716,0.0643354
9530,0.037443027,0.043915
9531,0.06798921,0.07109096
9532,0.25414762,0.205303
9533,0.047636826,0.027844599
9534,0.0934561,0.09958883
9535,0.06283242,0.049494676
9536,0.035886128,0.027437268
9537,0.024649698,0.017738154
9538,0.07621047,0.054398034
9539,0.013152611,0.003835069
9540,0.027756447,0.023433117
9541,0.122269265,0.1397994
9542,0.068531655,0.06036199
9543,0.13201925,0.19011644
9544,0.08438242,0.072090074
9545,0.029503554,0.022864388
9546,0.017428795,0.0049417824
9547,0.12170568,0.10630596
9548,0.06696771,0.050693616
9549,0.023698652,0.009391692
9550,0.13743669,0.14316566
9551,0.06960246,0.06678707
9552,0.056640062,0.071306154
9553,0.060416065,0.10841179
9554,0.026157282,0.062022056
9555,0.10126877,0.20018445
9556,0.029087912,0.030534526
9557,0.18764485,0.110679016
9558,0.04170512,0.024278523
9559,0.076767005,0.119332895
9560,0.030518003,0.018814126
9561,0.06548831,0.021826845
9562,0.10727092,0.08003689
9563,0.06681273,0.05286093
9564,0.10889827,0.11368405
9565,0.09591473,0.11326903
9566,0.01777399,0.024224725
9567,0.030081226,0.01033701
9568,0.11337875,0.16576105
9569,0.0067911716,0.0031049456
9570,0.047312766,0.01208162
9571,0.09379425,0.08571648
9572,0.06357213,0.05101641
9573,0.08317776,0.05221535
9574,0.062388603,0.03388541
9575,0.043860823,0.06201437
9576,0.03585795,0.02334089
9577,0.009475234,0.004034892
9578,0.012518581,0.0012450524
9579,0.05357558,0.011059447
9580,0.09516798,0.1228836
9581,0.06767219,0.08270376
9582,0.18027602,0.3010875
9583,0.07232175,0.09829766
9584,0.12180431,0.14317335
9585,0.055146568,0.05859432
9586,0.036414485,0.022549283
9587,0.08133203,0.07478769
9588,0.008446695,0.00867694
9589,0.041761477,0.04861853
9590,0.08740463,0.094723895
9591,0.07197656,0.05957038
9592,0.050715398,0.017292395
9593,0.12992695,0.20134497
9594,0.025001938,0.0062713753
9595,0.3058352,0.36523077
9596,0.052948594,0.054444145
9597,0.054568894,0.018852554
9598,0.13354091,0.1058602
9599,0.25323883,0.064197056
9600,0.13868362,0.10126427
9601,0.23387977,0.25895554
9602,0.14152266,0.15268032
9603,0.08282552,0.07192099
9604,0.020493276,0.010790454
9605,0.064889506,0.052253775
9606,0.12900408,0.22596933
9607,0.086383134,0.11289244
9608,0.04195873,0.020750875
9609,0.027488746,0.014848404
9610,0.07993012,0.035245743
9611,0.03668219,0.044007223
9612,0.10391056,0.08196595
9613,0.0350478,0.029550781
9614,0.032906186,0.046989202
9615,0.030024868,0.031871807
9616,0.073019184,0.038819507
9617,0.022543307,0.03260193
9618,0.050976057,0.07033009
9619,0.068764135,0.09621489
9620,0.06387506,0.014917573
9621,0.08443878,0.027460324
9622,0.1465949,0.18475963
9623,0.023543667,0.025300695
9624,0.08058528,0.050724357
9625,0.017506288,0.0063098026
9626,0.07865501,0.049225684
9627,0.051138084,0.03598355
9628,0.026460208,0.016439304
9629,0.03080684,0.020189833
9630,0.013779597,0.009437805
9631,0.020739844,0.007439573
9632,0.045805182,0.047465704
9633,0.08479806,0.11442186
9634,0.027890299,0.024885679
9635,0.057140242,0.12456673
9636,0.12304419,0.1593744
9637,0.042275745,0.028997425
9638,0.028728629,0.008200438
9639,0.050574504,0.04108673
9640,0.07530874,0.1357184
9641,0.026918119,0.01670061
9642,0.065164246,0.12233025
9643,0.06621392,0.049840525
9644,0.049052827,0.068078235
9645,0.14508732,0.1716789
9646,0.094477594,0.041217383
9647,0.02217698,0.016915806
9648,0.021669755,0.011797256
9649,0.087989345,0.07634784
9650,0.053476952,0.051969413
9651,0.0786691,0.08257311
9652,0.22227702,0.24302348
9653,0.007206814,0.0060946085
9654,0.27264723,0.57700497
9655,0.20226982,0.36805135
9656,0.02783394,0.051139377
9657,0.05568197,0.05517427
9658,0.041374013,0.023802022
9659,0.08581251,0.050078776
9660,0.042437777,0.03865811
9661,0.06130371,0.056503862
9662,0.15216734,0.14178996
9663,0.036506068,0.048779927
9664,0.057823583,0.078077085
9665,0.04209963,0.025761826
9666,0.019831067,0.01290397
9667,0.075005814,0.094401106
9668,0.1823824,0.28397188
9669,0.0686021,0.12109288
9670,0.22537673,0.29291013
9671,0.02472719,0.012880913
9672,0.0509831,0.03413903
9673,0.057710867,0.050078776
9674,0.049045783,0.036045037
9675,0.07180748,0.1527956
9676,0.044382136,0.06801675
9677,0.07423793,0.043492295
9678,0.05544245,0.019674903
9679,0.01969017,0.004303885
9680,0.008341024,0.0052030897
9681,0.1375635,0.13203704
9682,0.04464984,0.04228567
9683,0.041965775,0.033516504
9684,0.1139846,0.11118626
9685,0.056118745,0.018414479
9686,0.041986912,0.09407832
9687,0.08292415,0.10741267
9688,0.07105369,0.09444722
9689,0.1010856,0.09655305
9690,0.21819809,0.24323098
9691,0.20963162,0.32595012
9692,0.04347336,0.03379318
9693,0.09983163,0.17236291
9694,0.06085284,0.081205085
9695,0.09689395,0.100772396
9696,0.060324483,0.020128349
9697,0.1066228,0.117065676
9698,0.056435764,0.035384085
9699,0.17514741,0.10280906
9700,0.1511106,0.11756523
9701,0.110927165,0.11284633
9702,0.114019826,0.09661453
9703,0.058295585,0.09563848
9704,0.07935949,0.06796296
9705,0.085995674,0.04543673
9706,0.014892673,0.013188333
9707,0.07417453,0.07070668
9708,0.048855577,0.08255005
9709,0.122262225,0.0469354
9710,0.16053653,0.18746494
9711,0.051652353,0.05110095
9712,0.02767191,0.004288514
9713,0.031948093,0.034308113
9714,0.048031334,0.0133651
9715,0.074512675,0.05635784
9716,0.04083861,0.02334089
9717,0.013307597,0.006371287
9718,0.019570408,0.012819429
9719,0.03453353,0.0068939016
9720,0.030898422,0.05226146
9721,0.06511494,0.060861547
9722,0.023762055,0.0037812705
9723,0.2100684,0.22422473
9724,0.08121931,0.12231488
9725,0.019901514,0.002689928
9726,0.08453036,0.16364755
9727,0.061345976,0.036875073
9728,0.040239803,0.046927717
9729,0.066629566,0.108688466
9730,0.0055019762,0.006824732
9731,0.0690107,0.086846255
9732,0.07789417,0.121392615
9733,0.069398165,0.082404025
9734,0.053378325,0.109872036
9735,0.04613629,0.02748338
9736,0.08465716,0.03496138
9737,0.03163108,0.00294355
9738,0.12760921,0.18511316
9739,0.040253893,0.013249817
9740,0.10786973,0.0964762
9741,0.16406597,0.15983553
9742,0.03423765,0.02493179
9743,0.062226575,0.01757676
9744,0.022247426,0.003911924
9745,0.024896266,0.008507858
9746,0.085248925,0.02700688
9747,0.09142016,0.0582869
9748,0.083973825,0.041386466
9749,0.026946297,0.034354225
9750,0.069250226,0.036406256
9751,0.05425188,0.04510625
9752,0.022388322,0.02640741
9753,0.052342743,0.04204742
9754,0.10677074,0.11561311
9755,0.09752799,0.008577028
9756,0.115640126,0.13124543
9757,0.031729706,0.038450602
9758,0.039211266,0.020043807
9759,0.13702808,0.19966184
9760,0.065143116,0.061960574
9761,0.119282275,0.12112362
9762,0.0033392275,0.0010298582
9763,0.08940535,0.106229104
9764,0.056189194,0.045152366
9765,0.033321828,0.01367252
9766,0.3266173,0.3425585
9767,0.054554805,0.07543327
9768,0.051088773,0.05498982
9769,0.03244123,0.014441071
9770,0.103452645,0.060223646
9771,0.033300694,0.026676401
9772,0.011856371,0.0031356877
9773,0.09952166,0.062260307
9774,0.070250586,0.051346887
9775,0.023226652,0.015655382
9776,0.13983192,0.13445798
9777,0.17080078,0.16767475
9778,0.0768445,0.05785651
9779,0.11845804,0.17088729
9780,0.03058845,0.017822696
9781,0.08527006,0.068900585
9782,0.051222622,0.061975945
9783,0.41436008,0.46770933
9784,0.037435982,0.035875957
9785,0.10114901,0.058087077
9786,0.054273013,0.01826077
9787,0.066629566,0.06054644
9788,0.04472029,0.02371748
9789,0.017210407,0.01245821
9790,0.08455854,0.046505015
9791,0.08336797,0.083280176
9792,0.04047933,0.023417747
9793,0.013814821,0.002897437
9794,0.025657102,0.017707413
9795,0.012229744,0.02015909
9796,0.069778584,0.034999806
9797,0.0046988707,0.00029973485
9798,0.00636144,0.0028282674
9799,0.019507006,0.013265189
9800,0.01058831,0.002820582
9801,0.04127539,0.059900858
9802,0.06308604,0.10418476
9803,0.0981127,0.102517
9804,0.09281503,0.08773009
9805,0.073991366,0.24632056
9806,0.24967419,0.28716904
9807,0.0030151673,0.003519963
9808,0.051398743,0.050109517
9809,0.061902516,0.05079353
9810,0.036935803,0.015509357
9811,0.02104277,0.01049072
9812,0.31376058,0.27270493
9813,0.054625254,0.07386543
9814,0.10436142,0.12853245
9815,0.049933426,0.029842831
9816,0.09301228,0.29318678
9817,0.19394994,0.2620528
9818,0.11801422,0.043369327
9819,0.10198733,0.095999695
9820,0.03799252,0.10053414
9821,0.15451324,0.28097454
9822,0.030510958,0.02121969
9823,0.12149434,0.1432502
9824,0.066791594,0.032417476
9825,0.16377008,0.18592784
9826,0.051462144,0.03910387
9827,0.0327512,0.0123275565
9828,0.14865199,0.22025132
9829,0.08837681,0.07793874
9830,0.27578214,0.22887446
9831,0.023832504,0.0063251737
9832,0.06920795,0.08373362
9833,0.12861662,0.06943858
9834,0.08793299,0.08260385
9835,0.09904966,0.1889175
9836,0.046016525,0.020589478
9837,0.2981775,0.39521962
9838,0.05048292,0.016877377
9839,0.023071667,0.016062714
9840,0.11524562,0.14914499
9841,0.11642914,0.12631135
9842,0.15744387,0.14608616
9843,0.07528056,0.045636553
9844,0.12112097,0.097898014
9845,0.06810193,0.050240174
9846,0.08035985,0.1407063
9847,0.057224777,0.046397418
9848,0.12581983,0.14852247
9849,0.0095245475,0.009945049
9850,0.022641934,0.0062175766
9851,0.25481686,0.2940937
9852,0.07844367,0.07833839
9853,0.07273739,0.01726934
9854,0.059239585,0.04542136
9855,0.109328,0.15872882
9856,0.05242728,0.036045037
9857,0.083360925,0.07909926
9858,0.11773947,0.09533105
9859,0.061050095,0.07692426
9860,0.014765867,0.0069861277
9861,0.07618934,0.058102448
9862,0.047164828,0.06566499
9863,0.09003938,0.08132806
9864,0.05811242,0.14000691
9865,0.073906824,0.102739885
9866,0.08550958,0.09220305
9867,0.14782774,0.16793606
9868,0.07544963,0.06392038
9869,0.060458332,0.04055643
9870,0.046530798,0.04663567
9871,0.051715758,0.033677902
9872,0.087383494,0.110233255
9873,0.092357114,0.061653152
9874,0.029278122,0.0055796797
9875,0.088489525,0.0787073
9876,0.07355458,0.104315415
9877,0.04126834,0.03174884
9878,0.04326906,0.011974023
9879,0.09254028,0.10681321
9880,0.08014146,0.14663951
9881,0.05971863,0.053798564
9882,0.1408675,0.15912078
9883,0.041620582,0.011213157
9884,0.079253815,0.07677055
9885,0.060859885,0.03977251
9886,0.07094802,0.09956577
9887,0.047622737,0.04315413
9888,0.027629642,0.023755908
9889,0.0061360067,0.0027129846
9890,0.014561567,0.017630558
9891,0.01723154,0.007946816
9892,0.067524254,0.045167737
9893,0.043142255,0.040702455
9894,0.07941584,0.113384314
9895,0.044734377,0.035829842
9896,0.1935977,0.2877224
9897,0.03501962,0.026760941
9898,0.041169714,0.023356263
9899,0.056456897,0.092764094
9900,0.039535325,0.023525342
9901,0.06986312,0.019990008
9902,0.06270562,0.097913384
9903,0.027932568,0.008907505
9904,0.05314585,0.06367444
9905,0.09330112,0.04237021
9906,0.14951144,0.07079122
9907,0.038971744,0.016792838
9908,0.016238226,0.010752027
9909,0.025333041,0.009645314
9910,0.068912074,0.028859086
9911,0.106573485,0.050286286
9912,0.031511318,0.022825962
9913,0.10636919,0.029512355
9914,0.15398487,0.19168428
9915,0.00536108,0.0061253505
9916,0.04759456,0.02303347
9917,0.015646465,0.0052492027
9918,0.17353415,0.205034
9919,0.0071504554,0.0031356877
9920,0.06670706,0.051608194
9921,0.21488704,0.29404756
9922,0.00961613,0.0011374553
9923,0.26810333,0.37239364
9924,0.09889467,0.116689086
9925,0.09014505,0.038734965
9926,0.1127729,0.120593324
9927,0.007488605,0.010552204
9928,0.17906432,0.25173885
9929,0.040916104,0.0152019365
9930,0.108538985,0.09271798
9931,0.09000415,0.10003459
9932,0.11818329,0.06941552
9933,0.25251323,0.27484918
9934,0.08182516,0.06986128
9935,0.04877104,0.04608231
9936,0.1437488,0.15257272
9937,0.101177186,0.14707759
9938,0.023747966,0.024970219
9939,0.040063687,0.12075472
9940,0.07733059,0.08660032
9941,0.20047341,0.27803865
9942,0.01927453,0.011827998
9943,0.06817237,0.017922606
9944,0.04516411,0.009845137
9945,0.051715758,0.07572532
9946,0.011891595,0.0067248205
9947,0.12173386,0.11333051
9948,0.046601243,0.023679053
9949,0.020831425,0.015832148
9950,0.06717201,0.03391615
9951,0.023311188,0.018814126
9952,0.10253683,0.09103485
9953,0.2536615,0.45708027
9954,0.03354726,0.015132767
9955,0.07379411,0.1198094
9956,0.055174746,0.04731199
9957,0.0938013,0.06554971
9958,0.0734771,0.05676517
9959,0.060676724,0.15032856
9960,0.2087299,0.6516389
9961,0.05547767,0.08929793
9962,0.06036675,0.047212083
9963,0.088736095,0.09921992
9964,0.063910276,0.12275295
9965,0.05249773,0.046451215
9966,0.07816892,0.12817892
9967,0.005304722,0.0033047688
9968,0.10590424,0.07295085
9969,0.08319185,0.15692273
9970,0.06512198,0.07836913
9971,0.02116253,0.006448142
9972,0.18364342,0.19837835
9973,0.06660139,0.09178035
9974,0.01927453,0.021004496
9975,0.035104156,0.009176497
9976,0.03840816,0.061991315
9977,0.044227153,0.03059601
9978,0.059401616,0.06760174
9979,0.112413615,0.10164854
9980,0.020993456,0.02709142
9981,0.07661907,0.05279945
9982,0.07268103,0.08784537
9983,0.03107454,0.035107404
9984,0.05473797,0.043353956
9985,0.056788,0.035330284
9986,0.026143191,0.026207585
9987,0.094865054,0.07898398
9988,0.051715758,0.041009877
9989,0.16717976,0.13764746
9990,0.12164228,0.19763286
9991,0.043804467,0.046097685
9992,0.042606853,0.032794066
9993,0.04770023,0.04489106
9994,0.16944113,0.113468856
9995,0.06047947,0.04414556
9996,0.05977499,0.057894938
9997,0.10299474,0.121361874
9998,0.13222355,0.2255697
9999,0.101578735,0.1396457
10000,0.26242524,0.3129693
10001,0.03789389,0.032878608
10002,0.07196951,0.013772432
10003,0.0561117,0.0654498
10004,0.018527782,0.014840717
10005,0.11741541,0.07756984
10006,0.068531655,0.033570305
10007,0.08590409,0.07700112
10008,0.072025865,0.06662568
10009,0.046805542,0.045967028
10010,0.027784627,0.02823656
10011,0.0988524,0.098766476
10012,0.07080007,0.08812973
10013,0.08072618,0.07401145
10014,0.0117859235,0.009453176
10015,0.037520517,0.08168159
10016,0.068651415,0.06434308
10017,0.095210254,0.14551742
10018,0.1563942,0.19478154
10019,0.12949722,0.16739039
10020,0.17926157,0.24562886
10021,0.038929474,0.04396111
10022,0.020246709,0.012135419
10023,0.05553403,0.044737346
10024,0.18742646,0.21449487
10025,0.07241333,0.101148985
10026,0.053624894,0.036636822
10027,0.04057091,0.035460938
10028,0.037900936,0.034953695
10029,0.121036425,0.16576105
10030,0.01904205,0.008377205
10031,0.14370655,0.13008493
10032,0.17671135,0.17662837
10033,0.06908819,0.061783805
10034,0.18511578,0.21277332
10035,0.05850693,0.040395036
10036,0.1394374,0.12268378
10037,0.050947875,0.022695309
10038,0.3716969,0.43011183
10039,0.24092455,0.23652154
10040,0.035900217,0.015040541
10041,0.06400186,0.05912462
10042,0.0048115873,0.0037351574
10043,0.043494493,0.04220113
10044,0.032328513,0.016846636
10045,0.09018028,0.105122395
10046,0.068270996,0.07320447
10047,0.07034217,0.055181954
10048,0.039866433,0.05262268
10049,0.047193006,0.037005726
10050,0.17428795,0.15520886
10051,0.032420095,0.021780733
10052,0.064290695,0.036836643
10053,0.056703463,0.045782577
10054,0.008672128,0.0011989394
10055,0.096591026,0.036629137
10056,0.034265827,0.015924376
10057,0.050778802,0.02769089
10058,0.010743295,0.002835953
10059,0.051532593,0.059424356
10060,0.09563998,0.082373284
10061,0.07378706,0.10449987
10062,0.07196247,0.11907928
10063,0.09888058,0.08635438
10064,0.2011638,0.31668907
10065,0.051694624,0.055389464
10066,0.048813306,0.0085232295
10067,0.035864994,0.03260193
10068,0.11525971,0.1419821
10069,0.031757884,0.05429812
10070,0.04675623,0.024324635
10071,0.05531564,0.055166584
10072,0.03299777,0.02982746
10073,0.06565034,0.076124966
10074,0.08928559,0.06564962
10075,0.08674242,0.05594282
10076,0.07348414,0.06817815
10077,0.06987721,0.08891366
10078,0.03696398,0.06839334
10079,0.030088272,0.023579141
10080,0.07709107,0.03875802
10081,0.101712584,0.12520462
10082,0.096936226,0.11758829
10083,0.0496305,0.019959267
10084,0.077985756,0.10024978
10085,0.044128526,0.030411558
10086,0.009749981,0.0030742036
10087,0.018267125,0.013534182
10088,0.18026192,0.2817815
10089,0.05896484,0.06043884
10090,0.033483855,0.04510625
10091,0.102846794,0.076124966
10092,0.06283242,0.08728433
10093,0.13329436,0.09430888
10094,0.04587563,0.027060676
10095,0.1207335,0.0797141
10096,0.07780259,0.10303962
10097,0.17304102,0.19484302
10098,0.0454459,0.03341659
10099,0.020415783,0.026906967
10100,0.17874025,0.28828344
10101,0.055146568,0.081727706
10102,0.034420814,0.049118087
10103,0.12814462,0.20887676
10104,0.081620865,0.08906736
10105,0.078387305,0.01570918
10106,0.13563322,0.10181762
10107,0.050708354,0.084763475
10108,0.07268103,0.060969144
10109,0.122036785,0.24976367
10110,0.08432606,0.029358644
10111,0.19015984,0.1979787
10112,0.1622766,0.22501633
10113,0.05711206,0.06930792
10114,0.07622456,0.25051686
10115,0.07380115,0.08985128
10116,0.14498165,0.12177689
10117,0.069151595,0.073281325
10118,0.08680583,0.13747838
10119,0.007037739,0.00063789723
10120,0.13568957,0.20136802
10121,0.045812227,0.02854398
10122,0.059380483,0.11801099
10123,0.05885917,0.042877454
10124,0.028932927,0.029258732
10125,0.07815483,0.057641316
10126,0.15965593,0.25931677
10127,0.030961825,0.012727203
10128,0.041817836,0.027783114
10129,0.044797778,0.037021097
10130,0.12318509,0.18491335
10131,0.06824987,0.068139724
10132,0.074632436,0.0802982
10133,0.04109927,0.10885755
10134,0.09019437,0.06764785
10135,0.18200903,0.57446104
10136,0.033829052,0.0035276485
10137,0.03883789,0.01350344
10138,0.05089152,0.08572417
10139,0.036900576,0.037997156
10140,0.1917872,0.17112555
10141,0.0935195,0.10117204
10142,0.04412148,0.030980287
10143,0.14834201,0.19403605
10144,0.044177838,0.034062177
10145,0.096971445,0.07500288
10146,0.09168786,0.081251204
10147,0.009559771,0.0091534415
10148,0.24706762,0.29855898
10149,0.62553453,0.69924295
10150,0.46996456,0.8272682
10151,0.25133675,0.4105445
10152,0.04575587,0.04154786
10153,0.03988052,0.028005995
10154,0.031476095,0.020366598
10155,0.051215578,0.06884679
10156,0.022275606,0.025193099
10157,0.093709715,0.1303155
10158,0.01970426,0.0066018524
10159,0.63351625,0.61904466
10160,0.060564004,0.020881528
10161,0.06756652,0.042293355
10162,0.031786066,0.05654229
10163,0.04607993,0.021089036
10164,0.030919556,0.022203436
10165,0.08940535,0.08694616
10166,0.032800514,0.04811897
10167,0.09750685,0.12237636
10168,0.06321284,0.019037006
10169,0.09083544,0.10170234
10170,0.07080007,0.051585138
10171,0.018210765,0.033854667
10172,0.05120149,0.039726395
10173,0.14307252,0.19032395
10174,0.11756335,0.17034163
10175,0.013300552,0.009799024
10176,0.015745092,0.013710948
10177,0.07541441,0.07351958
10178,0.026615193,0.022979671
10179,0.04700984,0.012573493
10180,0.025283728,0.028159704
10181,0.094949596,0.17795797
10182,0.04759456,0.0453445
10183,0.0578729,0.0638589
10184,0.00944001,0.008938247
10185,0.09439306,0.055120472
10186,0.023487309,0.0067094495
10187,0.03311753,0.041371096
10188,0.048228588,0.024678169
10189,0.1706317,0.15065904
10190,0.111800715,0.1364101
10191,0.102818616,0.20674019
10192,0.015632374,0.024893364
10193,0.070870526,0.05051685
10194,0.05299791,0.024132498
10195,0.029264031,0.043238673
10196,0.033448633,0.049279485
10197,0.29066074,0.30320102
10198,0.10849671,0.061361104
10199,0.06672819,0.09532337
10200,0.05282179,0.16300195
10201,0.051053546,0.07640933
10202,0.09076499,0.071352266
10203,0.0153998975,0.004150175
10204,0.18141022,0.23625255
10205,0.087101705,0.086392805
10206,0.03285687,0.013664835
10207,0.11825374,0.103523806
10208,0.06679864,0.05090881
10209,0.05897893,0.062098913
10210,0.06535446,0.074072935
10211,0.04332542,0.041232757
10212,0.015442166,0.019990008
10213,0.11661231,0.064135574
10214,0.07341369,0.040579487
10215,0.028651135,0.019551935
10216,0.11040585,0.09450102
10217,0.26582786,0.23225608
10218,0.013843,0.018299198
10219,0.07017309,0.08352611
10220,0.101557605,0.13305922
10221,0.06925727,0.061345734
10222,0.04934871,0.028205818
10223,0.106439635,0.09773662
10224,0.018260079,0.0014986743
10225,0.20384082,0.13926142
10226,0.07906361,0.06426623
10227,0.054540716,0.047650155
10228,0.035893172,0.031871807
10229,0.018830707,0.0076163393
10230,0.118901856,0.0948853
10231,0.03797843,0.038611997
10232,0.07118754,0.047242824
10233,0.10292429,0.021012181
10234,0.14550297,0.15198863
10235,0.21957886,0.17970257
10236,0.05013068,0.1011951
10237,0.05011659,0.044399187
10238,0.10451641,0.06561119
10239,0.06863733,0.102324866
10240,0.22486949,0.24595934
10241,0.07896498,0.07478
10242,0.036808994,0.016024286
10243,0.065023355,0.06864697
10244,0.03107454,0.011251586
10245,0.03335705,0.047150597
10246,0.048108827,0.022003612
10247,0.26799765,0.38508242
10248,0.036400396,0.0235484
10249,0.056788,0.07460324
10250,0.080021694,0.092817895
10251,0.04082452,0.044960227
10252,0.03697807,0.026553433
10253,0.053793967,0.068085924
10254,0.052392058,0.03788956
10255,0.12821506,0.12215348
10256,0.12224813,0.06997656
10257,0.028545463,0.014041425
10258,0.0526034,0.03503055
10259,0.14274845,0.46834722
10260,0.050412472,0.036836643
10261,0.3824472,0.43078047
10262,0.072371066,0.028805288
10263,0.08912356,0.05997771
10264,0.13529508,0.1456865
10265,0.120036066,0.17283173
10266,0.10801767,0.09342505
10267,0.111948654,0.068885215
10268,0.042318016,0.024040272
10269,0.0244454,0.006056181
10270,0.0033110483,0.00272067
10271,0.117056124,0.090689
10272,0.030053047,0.014909888
10273,0.05323743,0.047165968
10274,0.034702603,0.014487185
10275,0.13649973,0.1516351
10276,0.0038253176,0.002989663
10277,0.020345336,0.013918457
10278,0.027009701,0.0062560043
10279,0.057013433,0.019106176
10280,0.12920837,0.20826961
10281,0.033244334,0.031648926
10282,0.07033512,0.084817275
10283,0.03356135,0.021903701
10284,0.024818772,0.010275525
10285,0.026347492,0.027129848
10286,0.046925303,0.043284785
10287,0.025643013,0.010521462
10288,0.5386371,0.45333743
10289,0.08676355,0.064612076
10290,0.011356192,0.0018906352
10291,0.0860309,0.18306883
10292,0.017640138,0.015048226
10293,0.0146601945,0.01155132
10294,0.13286462,0.15253429
10295,0.13995168,0.20704761
10296,0.183735,0.2413634
10297,0.02016217,0.010874995
10298,0.12108574,0.09792107
10299,0.062022276,0.037159435
10300,0.053244475,0.026753256
10301,0.07606957,0.03028859
10302,0.05519588,0.016185682
10303,0.11075105,0.31672752
10304,0.046883035,0.01909849
10305,0.09238529,0.07190562
10306,0.14629902,0.0882527
10307,0.07406886,0.09557699
10308,0.089870304,0.05560466
10309,0.08653812,0.058494408
10310,0.057555884,0.037466858
10311,0.047827035,0.036890443
10312,0.034716696,0.02512393
10313,0.07375184,0.07651693
10314,0.051053546,0.06483495
10315,0.011835237,0.0043884255
10316,0.06445977,0.046581868
10317,0.05052519,0.0389809
10318,0.25736004,0.32793298
10319,0.008897562,0.007969873
10320,0.05990884,0.055327978
10321,0.059965197,0.052584253
10322,0.015308315,0.007869961
10323,0.12590438,0.07512585
10324,0.013187835,0.013557238
10325,0.0154562555,0.0066095376
10326,0.06986312,0.103885025
10327,0.031828333,0.014587096
10328,0.006255768,0.0047727013
10329,0.07161727,0.032893978
10330,0.048883755,0.04307728
10331,0.030813884,0.036905814
10332,0.07431542,0.04193982
10333,0.20045932,0.40099913
10334,0.044043988,0.031303078
10335,0.007608366,0.005041694
10336,0.03665401,0.053798564
10337,0.05241319,0.055312607
10338,0.28621548,0.22495484
10339,0.044656884,0.1551858
10340,0.033800874,0.08590862
10341,0.098577656,0.035737615
10342,0.010489683,0.01132844
10343,0.038330667,0.04136341
10344,0.028566597,0.020643277
10345,0.33151343,0.31511354
10346,0.029975554,0.02423241
10347,0.0095245475,0.005571994
10348,0.04016231,0.062490873
10349,0.02216289,0.007247435
10350,0.070250586,0.079314455
10351,0.05168758,0.030526841
10352,0.025114654,0.0022979672
10353,0.02328301,0.017130999
10354,0.03537186,0.022533912
10355,0.02690403,0.019352112
10356,0.14310774,0.09420897
10357,0.075865276,0.034907583
10358,0.015864853,0.018914038
10359,0.048101783,0.021980556
10360,0.039429653,0.04769627
10361,0.05011659,0.035614647
10362,0.12676384,0.21195865
10363,0.036055204,0.009714483
10364,0.07591459,0.13832378
10365,0.06407935,0.052545823
10366,0.038781535,0.043615263
10367,0.066263236,0.0562195
10368,0.013434403,0.00807747
10369,0.04624196,0.062560044
10370,0.06474156,0.08258848
10371,0.11197684,0.1845598
10372,0.020091724,0.008431003
10373,0.06058514,0.02840564
10374,0.25133675,0.28764555
10375,0.059162095,0.046912346
10376,0.08608726,0.018998578
10377,0.08507281,0.028251931
10378,0.14137472,0.20479576
10379,0.051638264,0.03417746
10380,0.076280914,0.06365907
10381,0.07311077,0.09645314
10382,0.10062769,0.049310226
10383,0.014610881,0.021004496
10384,0.14696123,0.2334704
10385,0.018323483,0.007278177
10386,0.06512198,0.061630096
10387,0.09087066,0.10884218
10388,0.14243849,0.37388465
10389,0.17599279,0.1792645
10390,0.0028460927,0.0002536218
10391,0.037971385,0.038104754
10392,0.05351218,0.1005034
10393,0.07740104,0.057802714
10394,0.15049772,0.12242247
10395,0.3333028,0.2958306
10396,0.07983149,0.058809515
10397,0.097302556,0.07975253
10398,0.1443758,0.2800907
10399,0.027784627,0.02385582
10400,0.024072025,0.0065173116
10401,0.131667,0.10146409
10402,0.069215,0.09591515
10403,0.09133562,0.09963494
10404,0.09242756,0.091511354
10405,0.044861183,0.026084617
10406,0.004522751,0.000422703
10407,0.07146229,0.06278292
10408,0.098105654,0.11094032
10409,0.062388603,0.065042466
10410,0.05700639,0.034700073
10411,0.108658746,0.05768743
10412,0.10340334,0.068954386
10413,0.033554304,0.039365176
10414,0.023959309,0.024347693
10415,0.08727078,0.08968221
10416,0.04970095,0.049241055
10417,0.0064741564,0.00040733197
10418,0.04245891,0.061376475
10419,0.121261865,0.20468047
10420,0.079768084,0.12465127
10421,0.02699561,0.014448757
10422,0.10526316,0.097498365
10423,0.1089828,0.14946778
10424,0.018992737,0.002520847
10425,0.002085256,0.0007762364
10426,0.09552022,0.078069404
10427,0.12536897,0.16103446
10428,0.08466421,0.117388465
10429,0.3230456,0.36719826
10430,0.06674228,0.07742382
10431,0.06282538,0.09855128
10432,0.14465758,0.12170772
10433,0.1322165,0.32166928
10434,0.019845156,0.036682934
10435,0.036555383,0.00876148
10436,0.0653615,0.03853514
10437,0.016675003,0.007985244
10438,0.19490099,0.17207086
10439,0.16150871,0.13363563
10440,0.024628563,0.023679053
10441,0.07792235,0.09374784
10442,0.056788,0.15747608
10443,0.04846107,0.03088806
10444,0.05681618,0.09300234
10445,0.1610508,0.0807747
10446,0.0304546,0.0742497
10447,0.115400605,0.14559428
10448,0.05650621,0.09247973
10449,0.24404539,0.2404104
10450,0.054082803,0.053737078
10451,0.08655926,0.22585405
10452,0.13268146,0.10975675
10453,0.052610446,0.05693425
10454,0.10073336,0.14762326
10455,0.0712439,0.14138262
10456,0.07256127,0.100357376
10457,0.06904592,0.12632671
10458,0.09536523,0.0872997
10459,0.20858195,0.3037467
10460,0.051884834,0.08703839
10461,0.01270879,0.006056181
10462,0.06719315,0.07162894
10463,0.056879584,0.06180686
10464,0.09305455,0.08145871
10465,0.021838829,0.0230181
10466,0.063938454,0.026845483
10467,0.012877865,0.009130385
10468,0.084995314,0.06287515
10469,0.03790798,0.041609347
10470,0.043790374,0.051323827
10471,0.060310394,0.050593704
10472,0.041493777,0.05243823
10473,0.051377606,0.05916305
10474,0.05942275,0.05111632
10475,0.09360404,0.054805364
10476,0.039119683,0.032163855
10477,0.092110544,0.13406602
10478,0.1220861,0.11360719
10479,0.21165349,0.24081774
10480,0.083762474,0.01985167
10481,0.18980056,0.23534566
10482,0.14745437,0.13477309
10483,0.090222545,0.09457787
10484,0.0544914,0.024063328
10485,0.059859525,0.03059601
10486,0.11051152,0.1027322
10487,0.018295303,0.007608654
10488,0.05804902,0.06340545
10489,0.025382355,0.015309534
10490,0.10049384,0.09894324
10491,0.08651699,0.020766245
10492,0.14766571,0.156769
10493,0.019422468,0.008646198
10494,0.026284087,0.010629059
10495,0.072152674,0.050386198
10496,0.07328688,0.09656842
10497,0.026615193,0.01555547
10498,0.120275594,0.07754678
10499,0.06798216,0.06728663
10500,0.04189533,0.028897515
10501,0.029461285,0.04134035
10502,0.20019867,0.2376513
10503,0.047502976,0.03296315
10504,0.13695765,0.2047189
10505,0.019993097,0.022756793
10506,0.07757011,0.06220651
10507,0.265377,0.17407678
10508,0.031476095,0.007885332
10509,0.06028926,0.06883142
10510,0.13428767,0.087599434
10511,0.11220931,0.07428044
10512,0.05892257,0.15122007
10513,0.068764135,0.041079044
10514,0.0809657,0.051946357
10515,0.08031758,0.024609
10516,0.076781094,0.08304192
10517,0.02294486,0.023087269
10518,0.072871245,0.032117743
10519,0.03566774,0.020520309
10520,0.050637905,0.067386545
10521,0.03647789,0.01774584
10522,0.069299534,0.08551666
10523,0.07785895,0.057333898
10524,0.022691248,0.032794066
10525,0.108553074,0.2054106
10526,0.16493952,0.12033202
10527,0.109053254,0.10291665
10528,0.117908545,0.10147946
10529,0.0334275,0.048487876
10530,0.09495664,0.118656576
10531,0.10627056,0.14862238
10532,0.102663636,0.057649
10533,0.10122649,0.17850363
10534,0.048517425,0.03487684
10535,0.01191273,0.0045651924
10536,0.035484575,0.008092841
10537,0.07025763,0.08497099
10538,0.09198374,0.04329247
10539,0.0852771,0.051093265
10540,0.1517376,0.17877263
10541,0.05344173,0.01743842
10542,0.13546415,0.13988395
10543,0.010778519,0.0038888676
10544,0.09690805,0.1622411
10545,0.102818616,0.09221074
10546,0.04207849,0.02077393
10547,0.010475594,0.0028282674
10548,0.039901655,0.043423127
10549,0.06799625,0.0647581
10550,0.017738765,0.0041271183
10551,0.061212126,0.059132308
10552,0.020239664,0.03081889
10553,0.039443742,0.023894247
10554,0.18389703,0.2702763
10555,0.13032146,0.0918034
10556,0.031645168,0.041916765
10557,0.30503207,0.39525804
10558,0.036174964,0.023679053
10559,0.11123713,0.14188218
10560,0.019197036,0.017715098
10561,0.07219494,0.018883295
10562,0.04995456,0.02643815
10563,0.09606267,0.13213696
10564,0.07316712,0.06593398
10565,0.110680595,0.13249817
10566,0.13223763,0.029458556
10567,0.05673164,0.062490873
10568,0.020810291,0.007024555
10569,0.02933448,0.045175422
10570,0.12109279,0.12162318
10571,0.14450964,0.14252776
10572,0.16683456,0.14247397
10573,0.23962831,0.36124197
10574,0.005396304,0.0015217308
10575,0.007890157,0.0036659879
10576,0.09906375,0.13096108
10577,0.05785881,0.040172156
10578,0.033018902,0.0160166
10579,0.071138225,0.049725242
10580,0.08482624,0.1192791
10581,0.02332528,0.030772777
10582,0.055308595,0.032578874
10583,0.033004813,0.03212543
10584,0.047178917,0.059800945
10585,0.062346336,0.043438498
10586,0.029630361,0.027391154
10587,0.060014512,0.02207278
10588,0.058323763,0.08311878
10589,0.049052827,0.06635668
10590,0.08145179,0.086861625
10591,0.17802873,0.18313031
10592,0.1549782,0.04156323
10593,0.0746888,0.072482035
10594,0.048601963,0.016800523
10595,0.06824987,0.12881681
10596,0.14195943,0.21804558
10597,0.3096887,0.4119894
10598,0.05544245,0.011182415
10599,0.06294514,0.023901934
10600,0.036766727,0.06547285
10601,0.10853194,0.10736656
10602,0.038471565,0.055266496
10603,0.09130744,0.076893516
10604,0.033314783,0.010775084
10605,0.20279819,0.34587866
10606,0.043571986,0.035806786
10607,0.1461863,0.13528033
10608,0.07941584,0.09935826
10609,0.02590367,0.0088229645
10610,0.05444209,0.0555816
10611,0.15576722,0.20115283
10612,0.008742576,0.0018060947
10613,0.13735919,0.14923722
10614,0.075125575,0.03718249
10615,0.05044065,0.03218691
10616,0.24961078,0.2895285
10617,0.038105235,0.022249548
10618,0.020141037,0.017046459
10619,0.07543554,0.1378396
10620,0.052730206,0.049656074
10621,0.021303426,0.016423933
10622,0.057879943,0.06117665
10623,0.05082107,0.057625946
10624,0.043987628,0.025769511
10625,0.09032117,0.057564463
10626,0.07054646,0.04687392
10627,0.036351085,0.045836374
10628,0.058739405,0.037228607
10629,0.20804656,0.1428198
10630,0.0389647,0.015347961
10631,0.043318376,0.05270722
10632,0.10136739,0.118495174
10633,0.09983163,0.124974065
10634,0.028559553,0.020650962
10635,0.024318593,0.006901587
10636,0.02540349,0.04023364
10637,0.014047299,0.007401145
10638,0.096471265,0.06998424
10639,0.037266906,0.027368097
10640,0.10139557,0.093578756
10641,0.109187104,0.08373362
10642,0.05245546,0.045582753
10643,0.09928918,0.38249242
10644,0.069151595,0.09619951
10645,0.08965192,0.14102909
10646,0.07156091,0.13860047
10647,0.052638624,0.06501172
10648,0.14366427,0.11167813
10649,0.2040733,0.2762556
10650,0.024100205,0.019590363
10651,0.11545696,0.12565807
10652,0.04700984,0.028213503
10653,0.03391359,0.016800523
10654,0.017597869,0.008876763
10655,0.06534741,0.1058602
10656,0.29766324,0.25389847
10657,0.05335719,0.018729586
10658,0.060514692,0.016777467
10659,0.040035505,0.029635323
10660,0.0350478,0.016539216
10661,0.095013,0.06984591
10662,0.01643548,0.020212889
10663,0.009510458,0.0010836568
10664,0.07642886,0.068939015
10665,0.08107842,0.12189217
10666,0.02054259,0.008338777
10667,0.016160734,0.0072090076
10668,0.039767805,0.019352112
10669,0.17647183,0.21815318
10670,0.2226504,0.18915574
10671,0.01746402,0.02262614
10672,0.12138867,0.092794836
10673,0.047791813,0.022464743
10674,0.10248047,0.11537486
10675,0.053476952,0.04052569
10676,0.09356177,0.06361296
10677,0.019831067,0.026860854
10678,0.11396346,0.10023441
10679,0.0951398,0.03381624
10680,0.07296987,0.051723476
10681,0.028587732,0.027045306
10682,0.028397523,0.006886216
10683,0.15983205,0.14181301
10684,0.09080022,0.07993698
10685,0.21282291,0.34684703
10686,0.04918668,0.03011951
10687,0.14635538,0.18664259
10688,0.019986052,0.012127733
10689,0.04197282,0.085193865
10690,0.013730284,0.014056796
10691,0.02995442,0.009384006
10692,0.020126946,0.011436038
10693,0.042212345,0.024877993
10694,0.09478052,0.036306344
10695,0.07507626,0.033078432
10696,0.04825677,0.08108212
10697,0.017928975,0.0010913423
10698,0.14503096,0.15062061
10699,0.061874334,0.055358723
10700,0.12700336,0.15832148
10701,0.023614114,0.011359182
10702,0.0413247,0.06267533
10703,0.0051004235,0.0032509703
10704,0.015745092,0.008646198
10705,0.1097225,0.1375245
10706,0.24844839,0.24861853
10707,0.07540736,0.09265649
10708,0.08220558,0.09504669
10709,0.07768283,0.10676709
10710,0.11766902,0.18931714
10711,0.22687021,0.25864044
10712,0.12242425,0.20551051
10713,0.01562533,0.010744342
10714,0.080472566,0.13382776
10715,0.013688015,0.0068631596
10716,0.08701012,0.0727126
10717,0.037471205,0.031364564
10718,0.094329655,0.103493065
10719,0.30524343,0.41392615
10720,0.19899401,0.30596012
10721,0.11201911,0.13494985
10722,0.016618645,0.008331092
10723,0.031708572,0.035161205
10724,0.032286245,0.03788956
10725,0.13299847,0.11359182
10726,0.027693044,0.017123314
10727,0.024980802,0.003911924
10728,0.02016217,0.0059101563
10729,0.03561138,0.020059178
10730,0.020908918,0.0091226995
10731,0.006481201,0.0027821544
10732,0.022740562,0.015616954
10733,0.09287138,0.06505015
10734,0.02016217,0.009706798
10735,0.12164228,0.10650578
10736,0.12212837,0.044383813
10737,0.018175542,0.018721899
10738,0.09788727,0.13176805
10739,0.1137169,0.17510663
10740,0.060782395,0.046043884
10741,0.058535106,0.04076394
10742,0.048383575,0.033431966
10743,0.10554495,0.12347539
10744,0.11109624,0.117365405
10745,0.042388465,0.033470392
10746,0.051208533,0.044406872
10747,0.0641498,0.049448565
10748,0.04433987,0.07123698
10749,0.05592854,0.081266575
10750,0.06021881,0.040310495
10751,0.03827431,0.063789725
10752,0.8439299,0.8173385
10753,0.063543946,0.051231604
10754,0.06692544,0.05628098
10755,0.024424264,0.014833032
10756,0.069299534,0.08926719
10757,0.05968341,0.112223804
10758,0.052138444,0.07982938
10759,0.1902303,0.35347962
10760,0.2305335,0.19212236
10761,0.28750467,0.30599084
10762,0.029651495,0.030280905
10763,0.17595051,0.21376474
10764,0.05947911,0.020766245
10765,0.055463582,0.08039042
10766,0.016527062,0.02211121
10767,0.08422039,0.032878608
10768,0.019591544,0.012681089
10769,0.070884615,0.091603585
10770,0.029524688,0.03294778
10771,0.03225102,0.027552549
10772,0.16326286,0.13485762
10773,0.09540046,0.301833
10774,0.056280777,0.07279714
10775,0.05013068,0.07935288
10776,0.02848206,0.04230104
10777,0.08867269,0.022549283
10778,0.07017309,0.026922338
10779,0.09381539,0.07172117
10780,0.07790826,0.1316374
10781,0.037943207,0.048580103
10782,0.05711206,0.05436729
10783,0.10749635,0.1395381
10784,0.086467676,0.10118741
10785,0.049729127,0.048964377
10786,0.23340073,0.27301234
10787,0.0698913,0.025715712
10788,0.09671079,0.099842444
10789,0.12945494,0.1738539
10790,0.07946516,0.11372247
10791,0.021564083,0.007900703
10792,0.059690453,0.084809594
10793,0.10248047,0.09803635
10794,0.03249759,0.032063942
10795,0.04376924,0.04567498
10796,0.11332239,0.140176
10797,0.054730926,0.03858894
10798,0.1332239,0.1813857
10799,0.074611306,0.046704836
10800,0.016597511,0.021934442
10801,0.03496326,0.059155364
10802,0.06257881,0.053045385
10803,0.050694264,0.057041846
10804,0.040585,0.0316105
10805,0.20221347,0.2511163
10806,0.059443884,0.060707834
10807,0.018182587,0.0062944316
10808,0.08779914,0.046374362
10809,0.06239565,0.068208896
10810,0.043917183,0.01351881
10811,0.03370929,0.035883643
10812,0.035998844,0.028482497
10813,0.02833412,0.035238057
10814,0.05637236,0.027275871
10815,0.09156106,0.06474273
10816,0.089990065,0.07386543
10817,0.0744845,0.13458095
10818,0.08227603,0.049840525
10819,0.07971877,0.13631019
10820,0.033096395,0.009399378
10821,0.06350873,0.024155555
10822,0.017055422,0.004319256
10823,0.040803388,0.011666602
10824,0.030546183,0.014471813
10825,0.08903198,0.08634669
10826,0.0062064542,0.0018906352
10827,0.01774581,0.03297852
10828,0.025466893,0.04721977
10829,0.008263531,0.00013833916
10830,0.095449775,0.097859584
10831,0.019211125,0.018837182
10832,0.0683344,0.07840756
10833,0.18858886,0.15460938
10834,0.013871179,0.010836568
10835,0.04911623,0.07102179
10836,0.1534988,0.33839297
10837,0.04444554,0.032355994
10838,0.0024022711,0.0008838335
10839,0.0611135,0.08492488
10840,0.08655926,0.10043423
10841,0.048918977,0.016838951
10842,0.05360376,0.036905814
10843,0.07653453,0.08779157
10844,0.05704866,0.078868695
10845,0.098943986,0.12064712
10846,0.029200628,0.007024555
10847,0.044100344,0.04341544
10848,0.056118745,0.091242366
10849,0.049398024,0.060876917
10850,0.31086516,0.4022749
10851,0.026361581,0.013480383
10852,0.04718596,0.04069477
10853,0.16512269,0.22847481
10854,0.0710396,0.040733196
10855,0.21642984,0.23755908
10856,0.0364638,0.042231873
10857,0.14941281,0.14948314
10858,0.01820372,0.021365715
10859,0.44732967,0.5820543
10860,0.038351804,0.024585944
10861,0.09605563,0.084041044
10862,0.022846233,0.023202552
10863,0.1629388,0.21883719
10864,0.041874193,0.03152596
10865,0.07396319,0.0674096
10866,0.16647528,0.21508665
10867,0.07978922,0.121369556
10868,0.06536855,0.033109173
10869,0.0834666,0.08673097
10870,0.24763824,0.23716712
10871,0.13204038,0.13814703
10872,0.11394937,0.1151443
10873,0.0523357,0.053137608
10874,0.04250118,0.029458556
10875,0.21806423,0.16692926
10876,0.032659616,0.044860315
10877,0.034956217,0.052192293
10878,0.046530798,0.026415095
10879,0.12331189,0.11043308
10880,0.07594981,0.10383891
10881,0.1139846,0.09111171
10882,0.031490184,0.027729316
10883,0.10148715,0.052353688
10884,0.09339974,0.075610034
10885,0.0316663,0.015517043
10886,0.10600991,0.15101257
10887,0.15355515,0.11039465
10888,0.18725035,0.1652077
10889,0.11556967,0.12548131
10890,0.27589485,0.24409176
10891,0.02603752,0.014610153
10892,0.13036372,0.18867925
10893,0.026530655,0.014041425
10894,0.16553128,0.23535334
10895,0.06135302,0.02106598
10896,0.033984035,0.01774584
10897,0.040986553,0.035637707
10898,0.08863042,0.12787919
10899,0.05207504,0.04331553
10900,0.033624753,0.029105023
10901,0.07299805,0.042516235
10902,0.13502033,0.21620874
10903,0.029066777,0.069346346
10904,0.11128645,0.13126849
10905,0.052842923,0.0518695
10906,0.044938676,0.023179496
10907,0.11287857,0.114222035
10908,0.10189575,0.07657073
10909,0.0417333,0.024808822
10910,0.034160156,0.023287091
10911,0.12991285,0.1036314
10912,0.08276212,0.047619414
10913,0.075160794,0.050693616
10914,0.030250302,0.007654767
10915,0.023698652,0.016116513
10916,0.0417333,0.048411023
10917,0.062769026,0.037628252
10918,0.18960331,0.46748644
10919,0.12656659,0.18120892
10920,0.03338523,0.032624986
10921,0.1384793,0.1343965
10922,0.0885952,0.07506437
10923,0.2788255,0.28213504
10924,0.13418199,0.0594013
10925,0.08741872,0.064489104
10926,0.02456516,0.021703877
10927,0.031342242,0.038512085
10928,0.041035865,0.03722092
10929,0.20489754,0.32558122
10930,0.0043466315,0.0067325057
10931,0.099437125,0.13379702
10932,0.026579969,0.009045844
10933,0.035808634,0.02233409
10934,0.17807804,0.16652961
10935,0.032391917,0.036490798
10936,0.019859245,0.015632326
10937,0.044910494,0.039611112
10938,0.038034786,0.042139646
10939,0.05697821,0.10104907
10940,0.11225863,0.105937056
10941,0.06351577,0.103047304
10942,0.18143135,0.120608695
10943,0.04431169,0.015847519
10944,0.064530216,0.045206163
10945,0.09303341,0.08231948
10946,0.036914665,0.044552896
10947,0.056640062,0.06278292
10948,0.0055301553,0.0039349804
10949,0.05146919,0.04253929
10950,0.115041316,0.2424855
10951,0.038556103,0.028428698
10952,0.16251612,0.11411443
10953,0.021359785,0.013526496
10954,0.06456544,0.059378244
10955,0.07783782,0.06195289
10956,0.18493967,0.17955655
10957,0.09676715,0.029450871
10958,0.075139664,0.10934942
10959,0.11083558,0.1331207
10960,0.09286434,0.06063098
10961,0.02765782,0.044076394
10962,0.034448992,0.052130807
10963,0.07296987,0.062590785
10964,0.108158566,0.11891788
10965,0.032779377,0.02635361
10966,0.018626409,0.017707413
10967,0.038563147,0.045936286
10968,0.063438274,0.01803789
10969,0.060824662,0.051362257
10970,0.016357988,0.016854322
10971,0.06417798,0.032010145
10972,0.08260009,0.049125772
10973,0.06446682,0.031725783
10974,0.13344933,0.099519655
10975,0.06433296,0.09428582
10976,0.12243129,0.07036083
10977,0.058795765,0.07553318
10978,0.03265257,0.049348652
10979,0.07587232,0.06394344
10980,0.13390021,0.14463359
10981,0.027206955,0.0067325057
10982,0.04547408,0.038942475
10983,0.038253177,0.016247166
10984,0.0032335557,0.005057065
10985,0.018725036,0.014748491
10986,0.049235992,0.023609884
10987,0.046192646,0.023087269
10988,0.126475,0.06769396
10989,0.053815104,0.06346694
10990,0.10366399,0.119394384
10991,0.08806684,0.1316374
10992,0.026086833,0.014863774
10993,0.09625288,0.10141797
10994,0.11948658,0.15792952
10995,0.05164531,0.06936172
10996,0.11234316,0.08976675
10997,0.26827946,0.48916727
10998,0.08709466,0.114652425
10999,0.12889136,0.18143949
11000,0.09968369,0.06430466
11001,0.044043988,0.03732083
11002,0.10021909,0.08737655
11003,0.106820054,0.03419283
11004,0.11957111,0.14047574
11005,0.03971849,0.04641279
11006,0.027988926,0.04264689
11007,0.010679892,0.0026053875
11008,0.09414649,0.10239404
11009,0.01955632,0.013049995
11010,0.09456213,0.13544941
11011,0.04133879,0.03559159
11012,0.05176507,0.048065174
11013,0.071384795,0.03456942
11014,0.20159353,0.1531722
11015,0.022698293,0.033093803
11016,0.114055045,0.0777543
11017,0.08624224,0.12961611
11018,0.005635827,0.002551589
11019,0.11361123,0.13409676
11020,0.060148362,0.035945125
11021,0.07699244,0.10498405
11022,0.008369203,0.0032663413
11023,0.06028926,0.07831534
11024,0.20635581,0.13665603
11025,0.25922692,0.34325787
11026,0.11855666,0.20654805
11027,0.05472388,0.024055643
11028,0.11545696,0.17322369
11029,0.026741998,0.04462975
11030,0.09721097,0.057272412
11031,0.1613819,0.26064634
11032,0.041536044,0.03530723
11033,0.0733362,0.064988665
11034,0.032272153,0.01540176
11035,0.100691095,0.08190447
11036,0.15594333,0.119732544
11037,0.07822528,0.04372286
11038,0.03859837,0.030388502
11039,0.07430133,0.054221265
11040,0.05033498,0.04088691
11041,0.09803521,0.08736118
11042,0.2008327,0.28165853
11043,0.1484829,0.09855128
11044,0.10386124,0.12582715
11045,0.07123686,0.037044153
11046,0.17009631,0.21111324
11047,0.11073695,0.13939977
11048,0.15838787,0.08344926
11049,0.5029482,0.56964993
11050,0.09373789,0.0658725
11051,0.15614763,0.22194213
11052,0.021373874,0.016193368
11053,0.027270358,0.0051877187
11054,0.091730125,0.03476924
11055,0.08851771,0.06685624
11056,0.023952264,0.031395305
11057,0.2482934,0.34574798
11058,0.033483855,0.03400069
11059,0.085108034,0.08065173
11060,0.2152111,0.23713638
11061,0.033068214,0.0476809
11062,0.06622801,0.046128426
11063,0.018591184,0.0149329435
11064,0.09228667,0.39300618
11065,0.034864634,0.03405449
11066,0.11754926,0.21408753
11067,0.06700294,0.052907042
11068,0.11811989,0.05804865
11069,0.07296283,0.115405604
11070,0.13163882,0.08460977
11071,0.039190132,0.02174999
11072,0.05263158,0.024908734
11073,0.019471781,0.0041424893
11074,0.07496354,0.07957576
11075,0.06024699,0.4168697
11076,0.045551572,0.044691235
11077,0.05635827,0.02445529
11078,0.043670613,0.014909888
11079,0.01885184,0.015924376
11080,0.24753961,0.33796257
11081,0.08300164,0.09285632
11082,0.061486874,0.016093455
11083,0.073272794,0.06083849
11084,0.029538779,0.015609269
11085,0.040676583,0.047181338
11086,0.04119085,0.051915612
11087,0.048383575,0.06428928
11088,0.047953844,0.03345502
11089,0.035949532,0.042400952
11090,0.061761618,0.019282943
11091,0.026100924,0.0416862
11092,0.06130371,0.034477193
11093,0.15726775,0.15493217
11094,0.030870242,0.009268723
11095,0.029905107,0.045259964
11096,0.117034994,0.11842601
11097,0.18655996,0.18226184
11098,0.02359298,0.035522424
11099,0.12582688,0.08793759
11100,0.046411034,0.045190793
11101,0.08517143,0.11089421
11102,0.15375945,0.2705376
11103,0.13330139,0.13065365
11104,0.023240741,0.03772048
11105,0.12457291,0.12721823
11106,0.1062142,0.08699228
11107,0.170836,0.19722553
11108,0.012384729,0.007470315
11109,0.037534606,0.023048842
11110,0.15020183,0.17270876
11111,0.06518538,0.04389194
11112,0.046298318,0.021027552
11113,0.061198037,0.057341583
11114,0.09850016,0.11718096
11115,0.019753573,0.016423933
11116,0.021225933,0.0049340967
11117,0.029602181,0.039034702
11118,0.058204003,0.063751295
11119,0.0908284,0.10137955
11120,0.09753503,0.040279754
11121,0.13108933,0.13581832
11122,0.15976866,0.12894747
11123,0.11641505,0.19445106
11124,0.014385448,0.015002114
11125,0.084875554,0.08194289
11126,0.02406498,0.015939746
11127,0.025389401,0.009130385
11128,0.038661774,0.04017984
11129,0.09100451,0.048503246
11130,0.037865713,0.040464204
11131,0.11041994,0.046989202
11132,0.038133413,0.070583716
11133,0.03530141,0.013226761
11134,0.08438946,0.15655382
11135,0.1638828,0.20215194
11136,0.066023715,0.07741613
11137,0.049095098,0.009115013
11138,0.011264609,0.001314222
11139,0.032265108,0.010567575
11140,0.007199769,0.005718019
11141,0.11312514,0.12912424
11142,0.06695362,0.041763056
11143,0.04309999,0.02840564
11144,0.04288864,0.05440572
11145,0.08483329,0.12499712
11146,0.0551677,0.049264114
11147,0.07209632,0.02589248
11148,0.0210005,0.01646236
11149,0.10388943,0.13540329
11150,0.01615369,0.015309534
11151,0.037724815,0.056204125
11152,0.2801922,0.26498866
11153,0.0700956,0.08076701
11154,0.10451641,0.09213388
11155,0.039810073,0.043999538
11156,0.014293866,0.0015755293
11157,0.10827128,0.11170119
11158,0.19027257,0.22451678
11159,0.013286462,0.0063789724
11160,0.06382574,0.07063752
11161,0.07922564,0.11571302
11162,0.081994236,0.103923455
11163,0.07096211,0.07028398
11164,0.2286455,0.29041234
11165,0.054921135,0.022141952
11166,0.3089349,0.42024362
11167,0.051934145,0.0357991
11168,0.02197268,0.013864658
11169,0.073005095,0.06924643
11170,0.06459362,0.036390886
11171,0.079606056,0.053398915
11172,0.07471698,0.09821312
11173,0.10708071,0.07590209
11174,0.087855496,0.1563002
11175,0.023113936,0.011090189
11176,0.027270358,0.00989125
11177,0.07532283,0.08423318
11178,0.07282897,0.08027514
11179,0.24976575,0.28095147
11180,0.12010652,0.09464704
11181,0.010609444,0.0011374553
11182,0.025304863,0.01569381
11183,0.28295374,0.2359605
11184,0.041127447,0.01367252
11185,0.045910854,0.030442301
11186,0.10378376,0.08009069
11187,0.030313704,0.047150597
11188,0.12054329,0.1165738
11189,0.085248925,0.07119087
11190,0.09461849,0.06753257
11191,0.079880804,0.034492563
11192,0.06426252,0.11703493
11193,0.07071554,0.03443108
11194,0.0652347,0.040771626
11195,0.092075326,0.06281366
11196,0.124277025,0.11629712
11197,0.06389619,0.04591323
11198,0.08825705,0.09177266
11199,0.15161079,0.1400146
11200,0.054244835,0.04490643
11201,0.12984242,0.21362641
11202,0.13016647,0.16078854
11203,0.023085756,0.015478615
11204,0.046164468,0.05659609
11205,0.024656743,0.043715175
11206,0.18684176,0.13298236
11207,0.22557397,0.23576836
11208,0.06460067,0.04630519
11209,0.062452007,0.052338317
11210,0.07697835,0.05584291
11211,0.07344891,0.09898935
11212,0.037316218,0.012250701
11213,0.02144432,0.0066633364
11214,0.25262594,0.34046036
11215,0.13854976,0.22562349
11216,0.11246293,0.14146717
11217,0.24515143,0.25650385
11218,0.03611156,0.044929486
11219,0.037189413,0.0219575
11220,0.062494278,0.06968451
11221,0.18512283,0.23601429
11222,0.020422827,0.020151405
11223,0.03168744,0.01661607
11224,0.096985534,0.096345544
11225,0.09707712,0.1507282
11226,0.039021056,0.07001498
11227,0.031652212,0.011389924
11228,0.01642139,0.019060062
11229,0.07376593,0.024393806
11230,0.043536764,0.032932404
11231,0.03746416,0.016862007
11232,0.03211717,0.012980824
11233,0.13527393,0.09780579
11234,0.038429294,0.011505207
11235,0.08268463,0.056088846
11236,0.03198332,0.024647428
11237,0.34602568,0.30622143
11238,0.08977168,0.10913423
11239,0.024544027,0.02498559
11240,0.066291414,0.019859355
11241,0.017182227,0.0033124543
11242,0.10746113,0.06355147
11243,0.22266448,0.26207584
11244,0.06518538,0.03977251
11245,0.1800224,0.24264689
11246,0.06688318,0.07858433
11247,0.042198256,0.06998424
11248,0.038055923,0.018768013
11249,0.30234802,0.42452446
11250,0.070271716,0.077293165
11251,0.06946157,0.062352534
11252,0.050257485,0.030234793
11253,0.051518504,0.009829766
11254,0.10536883,0.059754834
11255,0.07055351,0.08971295
11256,0.04884853,0.038527455
11257,0.0544914,0.07187488
11258,0.043071806,0.024862621
11259,0.11623189,0.1430888
11260,0.07621047,0.044207048
11261,0.47324744,0.6264151
11262,0.015731001,0.010360066
11263,0.02251513,0.014779233
11264,0.04472029,0.016646812
11265,0.12956767,0.15203474
11266,0.12732743,0.042693004
11267,0.023987489,0.014794605
11268,0.4010525,0.58565116
11269,0.0326878,0.058309957
11270,0.06755947,0.046850864
11271,0.064424545,0.09690658
11272,0.0350478,0.038627367
11273,0.05453367,0.04627445
11274,0.06233929,0.026053876
11275,0.058471706,0.064558275
11276,0.25609198,0.17727394
11277,0.04513593,0.016892748
11278,0.030933645,0.010436921
11279,0.028228449,0.041586287
11280,0.021451367,0.0066556507
11281,0.04109927,0.014779233
11282,0.06904592,0.06964608
11283,0.050053187,0.089236446
11284,0.1443617,0.15251124
11285,0.11548514,0.13428122
11286,0.12830664,0.28165853
11287,0.08405131,0.047050685
11288,0.0359918,0.02785997
11289,0.15144876,0.13817008
11290,0.04836244,0.08471736
11291,0.042212345,0.036974985
11292,0.07518193,0.07952196
11293,0.030102361,0.059086192
11294,0.14357974,0.091903314
11295,0.016203003,0.007431887
11296,0.030313704,0.09232602
11297,0.11552741,0.15691504
11298,0.06612234,0.026069246
11299,0.028503194,0.023740537
11300,0.13755645,0.15643853
11301,0.06068377,0.06355916
11302,0.054864775,0.037428427
11303,0.068397805,0.03380087
11304,0.061296664,0.027375784
11305,0.03256099,0.033647157
11306,0.089975975,0.18266149
11307,0.07344187,0.089736
11308,0.12295261,0.11312301
11309,0.09826769,0.12985437
11310,0.04490345,0.052768704
11311,0.09846494,0.105030164
11312,0.12989172,0.20833878
11313,0.10990567,0.10606771
11314,0.036231324,0.012227645
11315,0.076731786,0.023878876
11316,0.04166285,0.04930254
11317,0.089341946,0.08811436
11318,0.024318593,0.01170503
11319,0.02054259,0.0064635132
11320,0.03715419,0.07514891
11321,0.069250226,0.044944856
11322,0.033265468,0.03995696
11323,0.07308963,0.053560313
11324,0.06672819,0.060177535
11325,0.09190625,0.062098913
11326,0.10398805,0.14299658
11327,0.042818196,0.044752717
11328,0.11134985,0.171041
11329,0.025269639,0.019413596
11330,0.102684766,0.15302616
11331,0.06984199,0.09702955
11332,0.023726832,0.007593283
11333,0.17857118,0.16656035
11334,0.09963438,0.10677478
11335,0.041049954,0.023002729
11336,0.053970087,0.03533797
11337,0.16963135,0.13192177
11338,0.15099084,0.18204665
11339,0.110046566,0.14401875
11340,0.04431169,0.048664644
11341,0.1224947,0.20659417
11342,0.12012061,0.13678668
11343,0.03080684,0.044260845
11344,0.11719702,0.08264228
11345,0.053589668,0.027099105
11346,0.01724563,0.007869961
11347,0.15161784,0.108304195
11348,0.06956019,0.021826845
11349,0.02275465,0.027560236
11350,0.062184304,0.08897514
11351,0.09897921,0.1690735
11352,0.2686458,0.26803982
11353,0.029102001,0.031379934
11354,0.059415706,0.13601814
11355,0.020711664,0.010068017
11356,0.14150153,0.23923452
11357,0.0403807,0.03888099
11358,0.012631297,0.0051723476
11359,0.11776765,0.121807635
11360,0.054350507,0.060054567
11361,0.07646408,0.076071166
11362,0.092350066,0.13664836
11363,0.09363926,0.09564616
11364,0.027319672,0.02098144
11365,0.1358023,0.19943896
11366,0.029292211,0.014225877
11367,0.022064263,0.015993545
11368,0.0640864,0.056926563
11369,0.05954251,0.020574108
11370,0.13304074,0.26063865
11371,0.1940838,0.30446145
11372,0.05282179,0.010459978
11373,0.14191012,0.1810629
11374,0.027298536,0.00943012
11375,0.028108686,0.031233909
11376,0.039781895,0.024616685
11377,0.04331133,0.06896976
11378,0.09086362,0.114683166
11379,0.043607213,0.064197056
11380,0.015195599,0.0030742036
11381,0.07855638,0.10126427
11382,0.07473107,0.067732394
11383,0.039443742,0.079691045
11384,0.06873596,0.035483994
11385,0.19536594,0.374169
11386,0.121917024,0.028582407
11387,0.073935,0.042055104
11388,0.041183807,0.034700073
11389,0.046347633,0.07177497
11390,0.026460208,0.015517043
11391,0.045847453,0.022841332
11392,0.05075062,0.048349537
11393,0.04956005,0.086431235
11394,0.051610086,0.030157937
11395,0.06078944,0.070699
11396,0.050102502,0.06940783
11397,0.04781999,0.031410675
11398,0.070151955,0.010021904
11399,0.07997239,0.096407026
11400,0.015604196,0.005087807
11401,0.010144489,0.010698228
11402,0.17208998,0.20920724
11403,0.021232978,0.005917842
11404,0.08322003,0.050747417
11405,0.0798174,0.017146371
11406,0.06311422,0.093555704
11407,0.17512628,0.3671137
11408,0.06731291,0.045352187
11409,0.026939252,0.026207585
11410,0.11122304,0.11492141
11411,0.08094457,0.031187795
11412,0.032384872,0.034115974
11413,0.005988066,0.003911924
11414,0.06580532,0.048149712
11415,0.09281503,0.07738539
11416,0.047207095,0.04951005
11417,0.034850545,0.004273143
11418,0.09956393,0.101902165
11419,0.05179325,0.028467124
11420,0.04625605,0.08820659
11421,0.22555284,0.20282827
11422,0.06849643,0.07255889
11423,0.06622801,0.034592476
11424,0.07912701,0.093494214
11425,0.038133413,0.029235676
11426,0.14485484,0.085555084
11427,0.08944762,0.08583945
11428,0.08746099,0.053368174
11429,0.04348745,0.03281712
11430,0.11171618,0.075702265
11431,0.12267082,0.12512778
11432,0.029855793,0.01365715
11433,0.023691608,0.020666333
11434,0.069665864,0.037505284
11435,0.049207814,0.034677017
11436,0.16017725,0.08212735
11437,0.019901514,0.008261922
11438,0.106453724,0.08169696
11439,0.04020458,0.029374015
11440,0.054745015,0.05068593
11441,0.02802415,0.0059716403
11442,0.16851828,0.13288245
11443,0.050285667,0.022464743
11444,0.07705584,0.05568151
11445,0.07062396,0.09174961
11446,0.03141269,0.05167736
11447,0.07579483,0.013987626
11448,0.025354177,0.037366945
11449,0.06334669,0.06000077
11450,0.04920077,0.04242401
11451,0.04728459,0.042977367
11452,0.08644654,0.15199631
11453,0.012589028,0.0058794143
11454,0.13640815,0.14540982
11455,0.001888002,0.007624025
11456,0.052899282,0.07953733
11457,0.040754072,0.02324098
11458,0.07958492,0.08511701
11459,0.069412254,0.051531337
11460,0.07389978,0.082012065
11461,0.050567456,0.03667525
11462,0.020803247,0.016677555
11463,0.017224496,0.0061868345
11464,0.00846783,0.009614572
11465,0.04937689,0.1374169
11466,0.15852876,0.20642509
11467,0.016252317,0.013803174
11468,0.06493177,0.033408906
11469,0.040049594,0.02272605
11470,0.0891306,0.16373208
11471,0.085847735,0.10146409
11472,0.005022931,0.007654767
11473,0.017006109,0.020389656
11474,0.039401475,0.0069400147
11475,0.0725965,0.085678056
11476,0.030567316,0.01192791
11477,0.15340017,0.19763286
11478,0.024621518,0.012857856
11479,0.12100825,0.0935019
11480,0.049764354,0.059562694
11481,0.060444243,0.15809861
11482,0.02683358,0.03391615
11483,0.04641808,0.09188026
11484,0.049102142,0.029258732
11485,0.038725175,0.03360873
11486,0.06612234,0.045498215
11487,0.014012075,0.0045344504
11488,0.038901296,0.024778081
11489,0.24158676,0.33302847
11490,0.122050874,0.16221803
11491,0.005396304,0.0011912539
11492,0.025030116,0.005118549
11493,0.10639737,0.022518542
11494,0.21645802,0.35951275
11495,0.07418862,0.07680129
11496,0.20494685,0.20268993
11497,0.038351804,0.03794336
11498,0.032568034,0.007247435
11499,0.08518553,0.03487684
11500,0.10096584,0.058432925
11501,0.053392414,0.040840793
11502,0.038830847,0.0191984
11503,0.08296642,0.11430658
11504,0.025614833,0.014072167
11505,0.19303411,0.23621412
11506,0.04739026,0.040156785
11507,0.052532952,0.045390617
11508,0.06687613,0.07703954
11509,0.107454084,0.16556123
11510,0.090476155,0.043984167
11511,0.12848276,0.107904546
11512,0.02347322,0.012219959
11513,0.026741998,0.026584176
11514,0.10802472,0.050301656
11515,0.044670973,0.03400069
11516,0.033772692,0.015978172
11517,0.1042628,0.08468662
11518,0.05706275,0.04147101
11519,0.15257592,0.24208584
11520,0.07293464,0.05542789
11521,0.09615425,0.06435077
11522,0.0077422173,0.0036198748
11523,0.021754293,0.023356263
11524,0.17175888,0.20555662
11525,0.05001092,0.039457403
11526,0.09516798,0.091203935
11527,0.03263144,0.0061868345
11528,0.024966713,0.007839219
11529,0.074879006,0.07874572
11530,0.064544305,0.039303694
11531,0.07432247,0.05916305
11532,0.067763776,0.07883795
11533,0.030842062,0.021365715
11534,0.039091505,0.013096107
11535,0.03581568,0.03932675
11536,0.08317072,0.07894555
11537,0.09714757,0.042008992
11538,0.09473825,0.033124544
11539,0.019993097,0.005449026
11540,0.0530754,0.03985705
11541,0.020648262,0.04144795
11542,0.0801485,0.06642585
11543,0.024973758,0.02957384
11544,0.0326878,0.025638858
11545,0.032335557,0.012404411
11546,0.034005173,0.029689122
11547,0.095337056,0.08143565
11548,0.03461807,0.017945664
11549,0.032906186,0.03497675
11550,0.08854589,0.119648
11551,0.08271281,0.07859202
11552,0.0103206085,0.005364485
11553,0.37523335,0.33107635
11554,0.03662583,0.021926757
11555,0.07349823,0.05545863
11556,0.09960619,0.07218999
11557,0.077732146,0.07434193
11558,0.32115054,0.44811898
11559,0.024381997,0.032870922
11560,0.052194804,0.032148484
11561,0.06857392,0.11639703
11562,0.09502709,0.10806594
11563,0.055984896,0.09028936
11564,0.036118604,0.05219998
11565,0.07575256,0.13113016
11566,0.17502765,0.16821274
11567,0.0584083,0.09092726
11568,0.11709135,0.08537063
11569,0.058091287,0.11191638
11570,0.13697878,0.066956155
11571,0.0679258,0.06251393
11572,0.07905656,0.0797141
11573,0.0318072,0.029204935
11574,0.08971532,0.055812165
11575,0.049433246,0.04435307
11576,0.15282954,0.11309995
11577,0.03168744,0.021726934
11578,0.087714605,0.11974023
11579,0.012574939,0.016177997
11580,0.09213872,0.046166852
11581,0.045551572,0.052745648
11582,0.007234993,0.003965723
11583,0.30922374,0.3998924
11584,0.052878145,0.0670407
11585,0.04696053,0.03236368
11586,0.04547408,0.09058909
11587,0.18117775,0.2830035
11588,0.021726113,0.0110978745
11589,0.11684478,0.16698305
11590,0.095470905,0.09682973
11591,0.06093738,0.06138416
11592,0.041021775,0.08811436
11593,0.10496023,0.15575452
11594,0.13540779,0.14746186
11595,0.056809135,0.091134764
11596,0.12916611,0.1993621
11597,0.017647183,0.0050340085
11598,0.14111406,0.07861507
11599,0.15768339,0.25560465
11600,0.056583703,0.0631134
11601,0.033244334,0.041178957
11602,0.08862338,0.09606118
11603,0.12205792,0.111109406
11604,0.05981726,0.0652884
11605,0.0846783,0.07742382
11606,0.10958865,0.14841487
11607,0.035984755,0.04091765
11608,0.07223721,0.06396649
11609,0.09817611,0.12037813
11610,0.021345695,0.006978442
11611,0.05518179,0.051946357
11612,0.05341355,0.039503515
11613,0.15298453,0.066179916
11614,0.04867241,0.03294009
11615,0.019760618,0.009460862
11616,0.03603407,0.012496637
11617,0.051039457,0.047957577
11618,0.039697357,0.031495217
11619,0.030525047,0.008185067
11620,0.02182474,0.0071628946
11621,0.049059875,0.044660494
11622,0.097323686,0.1073435
11623,0.040176403,0.026530378
11624,0.050828114,0.030081082
11625,0.09332225,0.06728663
11626,0.0747522,0.11605887
11627,0.2659758,0.35530877
11628,0.04462166,0.07144449
11629,0.14265686,0.1382623
11630,0.016280495,0.01103639
11631,0.269308,0.34859163
11632,0.020380558,0.01798409
11633,0.032490544,0.043230988
11634,0.07281488,0.072174616
11635,0.066791594,0.014517927
11636,0.023142114,0.027460324
11637,0.07609071,0.030127196
11638,0.028165044,0.015394075
11639,0.034935083,0.04634362
11640,0.031229526,0.013526496
11641,0.05366716,0.031741153
11642,0.038619503,0.030319333
11643,0.03954237,0.034853783
11644,0.025128743,0.009391692
11645,0.13591501,0.11204704
11646,0.033631798,0.010060331
11647,0.028242538,0.020059178
11648,0.025586654,0.005694962
11649,0.06493177,0.055965878
11650,0.020711664,0.018406793
11651,0.07508331,0.18272297
11652,0.055322688,0.04030281
11653,0.12840527,0.07397302
11654,0.02933448,0.01555547
11655,0.15248434,0.21291165
11656,0.062071588,0.07742382
11657,0.099444166,0.09063521
11658,0.061796844,0.03770511
11659,0.1389795,0.20974523
11660,0.055963762,0.026906967
11661,0.1559222,0.19626485
11662,0.069144554,0.088798374
11663,0.023332324,0.014402644
11664,0.07354754,0.049548477
11665,0.15717617,0.21570149
11666,0.040845655,0.030442301
11667,0.004987707,0.0005764132
11668,0.11674616,0.034039117
11669,0.041761477,0.02799831
11670,0.07144115,0.078046344
11671,0.045551572,0.0668793
11672,0.05800675,0.017891865
11673,0.01989447,0.019044692
11674,0.01578736,0.0181916
11675,0.15222369,0.15404065
11676,0.049228948,0.0396726
11677,0.16384053,0.24049495
11678,0.15242799,0.17297007
11679,0.0497714,0.0706452
11680,0.03793616,0.034039117
11681,0.0288343,0.016969604
11682,0.019063184,0.007877647
11683,0.029327435,0.01726934
11684,0.061134633,0.048234254
11685,0.10090244,0.07697806
11686,0.1333648,0.27995235
11687,0.09406195,0.08683088
11688,0.017013153,0.028328786
11689,0.11361123,0.088844486
11690,0.0702224,0.111070976
11691,0.076745875,0.07179034
11692,0.122403115,0.106621064
11693,0.043550853,0.01696192
11694,0.041416284,0.028505553
11695,0.04295909,0.033977635
11696,0.0080874115,0.005349114
11697,0.17388639,0.26252162
11698,0.041113358,0.023679053
11699,0.17398502,0.1724167
11700,0.06512198,0.051923297
11701,0.11732383,0.19523498
11702,0.003938034,0.0013372785
11703,0.03680195,0.019890098
11704,0.031476095,0.014763863
11705,0.0187039,0.008592399
11706,0.028017106,0.01072897
11707,0.062297024,0.07079122
11708,0.10841218,0.09213388
11709,0.05406167,0.06645659
11710,0.082980506,0.07225147
11711,0.09237825,0.07288168
11712,0.11536538,0.3202859
11713,0.057739045,0.035399456
11714,0.073272794,0.057641316
11715,0.09428034,0.17253199
11716,0.079852626,0.08467894
11717,0.1908432,0.1408139
11718,0.05454776,0.04824194
11719,0.07719674,0.039457403
11720,0.06472747,0.119440496
11721,0.08188152,0.056304038
11722,0.04348745,0.010206356
11723,0.44511056,0.40677094
11724,0.045600884,0.019613419
11725,0.050349068,0.010675172
11726,0.15041317,0.2147946
11727,0.029179495,0.011643546
11728,0.06451613,0.051154748
11729,0.01680181,0.016139569
11730,0.024325639,0.03236368
11731,0.10875033,0.07657841
11732,0.087601885,0.08494025
11733,0.0,0.0
11734,0.12617208,0.18307652
11735,0.12386843,0.096353225
11736,0.091342665,0.034285057
11737,0.03501962,0.029950429
11738,0.04818632,0.056211814
11739,0.06358622,0.0331476
11740,0.0380841,0.014817662
11741,0.06296628,0.1176882
11742,0.08223376,0.12168466
11743,0.17196317,0.19842447
11744,0.009144129,0.0071475236
11745,0.10064883,0.105060905
11746,0.055097252,0.014241248
11747,0.09686577,0.089213386
11748,0.07306145,0.115820624
11749,0.02803824,0.013411213
11750,0.09312499,0.099919304
11751,0.07055351,0.038942475
11752,0.11873983,0.04803443
11753,0.1705683,0.19812474
11754,0.0030433466,0.005418284
11755,0.14894786,0.21210468
11756,0.048799217,0.018337624
11757,0.05391373,0.039933905
11758,0.049243037,0.011497522
11759,0.1511106,0.123306304
11760,0.032067854,0.030419245
11761,0.11875392,0.09905084
11762,0.16432662,0.35351804
11763,0.12453064,0.17352343
11764,0.2225729,0.34205896
11765,0.033934724,0.017000346
11766,0.03678786,0.03381624
11767,0.06755243,0.11147831
11768,0.012913088,0.010075702
11769,0.06211386,0.055028245
11770,0.049637545,0.018368367
11771,0.10170554,0.06674096
11772,0.054420955,0.13374323
11773,0.14403765,0.12624985
11774,0.14278367,0.15916689
11775,0.013906403,0.008423318
11776,0.31776202,0.3422972
11777,0.16160734,0.17292395
11778,0.08543914,0.012196903
11779,0.024649698,0.038804136
11780,0.0690741,0.056526918
11781,0.057929255,0.04514468
11782,0.062430874,0.07858433
11783,0.08250146,0.050770473
11784,0.011271654,0.017684355
11785,0.14472803,0.04711217
11786,0.048489247,0.039810937
11787,0.053815104,0.042570036
11788,0.030680032,0.024063328
11789,0.1388386,0.14485647
11790,0.10964502,0.0731353
11791,0.084375374,0.089666836
11792,0.027693044,0.017907236
11793,0.21292154,0.24321562
11794,0.06670001,0.069799796
11795,0.07867614,0.07082965
11796,0.13909926,0.2754179
11797,0.06379756,0.057894938
11798,0.16434072,0.30483803
11799,0.08981395,0.093194485
11800,0.03608338,0.01865273
11801,0.036336996,0.0043884255
11802,0.048108827,0.0625831
11803,0.12170568,0.1229912
11804,0.035590246,0.039165355
11805,0.22714496,0.17059524
11806,0.023642294,0.026153786
11807,0.18665859,0.18103217
11808,0.040063687,0.05359874
11809,0.067327,0.046220653
11810,0.37778357,0.24174768
11811,0.039986193,0.014556354
11812,0.029355614,0.01820697
11813,0.11127236,0.08736887
11814,0.092977054,0.08912116
11815,0.07108891,0.050885756
11816,0.08464307,0.10059562
11817,0.027784627,0.032371365
11818,0.057647467,0.041117474
11819,0.052230027,0.078430615
11820,0.04071885,0.015993545
11821,0.036724456,0.028859086
11822,0.10198733,0.031103255
11823,0.052406147,0.010060331
11824,0.046249006,0.06484264
11825,0.08352295,0.085608885
11826,0.047798857,0.0385044
11827,0.0070518283,0.0047496445
11828,0.03247645,0.020420397
11829,0.07137775,0.0998117
11830,0.09121586,0.07943742
11831,0.038887206,0.0453445
11832,0.082642354,0.09921224
11833,0.056971166,0.052238405
11834,0.048122916,0.059116933
11835,0.18352365,0.22713754
11836,0.05330788,0.048264995
11837,0.01528718,0.0046574185
11838,0.1278417,0.109887406
11839,0.057527702,0.050332397
11840,0.03954237,0.068931326
11841,0.079486296,0.07780809
11842,0.10722161,0.035022866
11843,0.038640637,0.0146946935
11844,0.074639484,0.06499635
11845,0.028489105,0.044752717
11846,0.09835927,0.076148026
11847,0.095069356,0.18076317
11848,0.025671192,0.017138684
11849,0.027256269,0.043161817
11850,0.08432606,0.03182569
11851,0.09418172,0.10141797
11852,0.07075781,0.05905545
11853,0.2120339,0.18651962
11854,0.033011857,0.011874111
11855,0.057760183,0.027152903
11856,0.01272288,0.003788956
11857,0.02378319,0.023110326
11858,0.06572783,0.032294508
11859,0.040725894,0.016846636
11860,0.102346614,0.11887177
11861,0.07897203,0.13069977
11862,0.05647803,0.07752373
11863,0.018619364,0.0060638664
11864,0.073040314,0.07315067
11865,0.08294528,0.035460938
11866,0.041557178,0.05976252
11867,0.028601822,0.030557584
11868,0.048059516,0.056888137
11869,0.037795264,0.074480265
11870,0.09429443,0.14849173
11871,0.049461428,0.01735388
11872,0.053843282,0.051546708
11873,0.0054103937,0.0019367483
11874,0.1558447,0.12682627
11875,0.23209745,0.22151174
11876,0.050905608,0.025900165
11877,0.013554164,0.032133114
11878,0.020338291,0.012888598
11879,0.2760076,0.33552626
11880,0.090729766,0.15011336
11881,0.081508145,0.13021559
11882,0.038696997,0.037351575
11883,0.072772615,0.014871459
11884,0.18602456,0.12259924
11885,0.09952166,0.059893172
11886,0.15913461,0.2447066
11887,0.07429429,0.056296352
11888,0.11669684,0.10797372
11889,0.08131794,0.16981901
11890,0.008679174,0.0044729663
11891,0.18572868,0.15387158
11892,0.034864634,0.027260501
11893,0.049707994,0.02476271
11894,0.026389759,0.014917573
11895,0.12620026,0.118656576
11896,0.07222312,0.059017025
11897,0.01924635,0.007462629
11898,0.066890225,0.1036314
11899,0.057569973,0.06588018
11900,0.120296724,0.11854129
11901,0.10765134,0.11559006
11902,0.16969475,0.17648235
11903,0.0146461055,0.00958383
11904,0.037520517,0.03865811
11905,0.05052519,0.056757484
11906,0.07444927,0.12110057
11907,0.102712944,0.108258076
11908,0.024868086,0.010582946
11909,0.074893095,0.1383699
11910,0.039373297,0.055181954
11911,0.057365675,0.06232948
11912,0.080698,0.11565154
11913,0.12799667,0.16719824
11914,0.18205835,0.212512
11915,0.09130744,0.15045153
11916,0.1291027,0.20055336
11917,0.113921195,0.093532644
11918,0.09336452,0.0838489
11919,0.117521085,0.11474465
11920,0.08281848,0.040441148
11921,0.009961324,0.0085232295
11922,0.050504055,0.0073166047
11923,0.12154365,0.050647505
11924,0.09120177,0.15992776
11925,0.022346053,0.0062329476
11926,0.06317762,0.0727664
11927,0.03858428,0.05053222
11928,0.07372366,0.060884602
11929,0.01824599,0.0096606845
11930,0.12162819,0.053844675
11931,0.06395254,0.034408025
11932,0.05675278,0.054221265
11933,0.014138881,0.011974023
11934,0.04145855,0.023141067
11935,0.1703006,0.1448949
11936,0.07785191,0.046382047
11937,0.08483329,0.11483687
11938,0.033483855,0.05548169
11939,0.052709073,0.12552741
11940,0.10353014,0.13758598
11941,0.06324807,0.04317719
11942,0.15752137,0.05782577
11943,0.03023621,0.014348845
11944,0.011116669,0.014594781
11945,0.026453163,0.00951466
11946,0.11756335,0.09114245
11947,0.006868664,0.0033893094
11948,0.048651278,0.012073935
11949,0.045157064,0.030703608
11950,0.007946516,0.008730738
11951,0.08903198,0.074464895
11952,0.04501617,0.056019675
11953,0.050863337,0.051515967
11954,0.03127884,0.0050954926
11955,0.11161051,0.12578104
11956,0.07633728,0.06880067
11957,0.03344159,0.022802904
11958,0.029672628,0.017123314
11959,0.24820182,0.26314414
11960,0.04512184,0.020627907
11961,0.058591466,0.042470124
11962,0.10362877,0.12714137
11963,0.12550282,0.106728666
11964,0.013547119,0.015970487
11965,0.020549634,0.014540983
11966,0.025607789,0.012335242
11967,0.38501856,0.3392307
11968,0.18918063,0.16027361
11969,0.03501962,0.05301464
11970,0.0513917,0.025469776
11971,0.07916223,0.068946704
11972,0.08126158,0.10018829
11973,0.034611024,0.021058295
11974,0.08518553,0.056050416
11975,0.04304363,0.027537178
11976,0.25478163,0.23360874
11977,0.038055923,0.042016678
11978,0.01173661,0.0023440802
11979,0.08601681,0.047411904
11980,0.017950108,0.002882066
11981,0.100205004,0.062414017
11982,0.05029271,0.037159435
11983,0.054935224,0.026123045
11984,0.05911278,0.022925872
11985,0.024846952,0.01079814
11986,0.056900717,0.036736734
11987,0.078338,0.06271375
11988,0.013145566,0.004034892
11989,0.023029398,0.03013488
11990,0.14965938,0.27136764
11991,0.021733157,0.028897515
11992,0.029094957,0.018022519
11993,0.033638842,0.037789647
11994,0.16887051,0.18007916
11995,0.025100565,0.026845483
11996,0.074512675,0.08823733
11997,0.1305962,0.12124659
11998,0.06446682,0.06520386
11999,0.12298784,0.11749606
12000,0.12598187,0.09646083
12001,0.018548915,0.01434116
12002,0.19140677,0.1914076
12003,0.105439276,0.10492257
12004,0.10515749,0.024785766
12005,0.043924227,0.034169775
12006,0.10438961,0.13929985
12007,0.0761048,0.019413596
12008,0.08539687,0.13957652
12009,0.054188475,0.041424893
12010,0.018844796,0.016416248
12011,0.054103937,0.028943626
12012,0.062092725,0.06361296
12013,0.030003734,0.007931446
12014,0.0030644808,0.0023287092
12015,0.03299777,0.031449102
12016,0.0615855,0.036629137
12017,0.09524547,0.077285476
12018,0.09555545,0.08922876
12019,0.023522533,0.019636475
12020,0.3628909,0.42900512
12021,0.16324173,0.25379857
12022,0.030912511,0.023994159
12023,0.036971025,0.03513046
12024,0.024452444,0.011851055
12025,0.07182861,0.0683088
12026,0.14927192,0.1888637
12027,0.051814385,0.09052761
12028,0.2164862,0.22354071
12029,0.060902156,0.022241862
12030,0.011828192,0.009099643
12031,0.005671051,0.002835953
12032,0.04225461,0.044452984
12033,0.042261656,0.040141415
12034,0.18342504,0.32029358
12035,0.06324807,0.06392038
12036,0.16739815,0.18985513
12037,0.0951398,0.19753295
12038,0.02332528,0.004711217
12039,0.027573284,0.014026054
12040,0.018119184,0.013372785
12041,0.03423765,0.019551935
12042,0.068144195,0.08796065
12043,0.06471338,0.081604734
12044,0.12435452,0.1812243
12045,0.065030396,0.1182723
12046,0.027981881,0.035384085
12047,0.08929263,0.09819775
12048,0.075266466,0.11115552
12049,0.03974667,0.062437076
12050,0.016907481,0.004034892
12051,0.017844437,0.0032125427
12052,0.02976421,0.030542213
12053,0.06738336,0.082480885
12054,0.0187039,0.01889098
12055,0.056280777,0.043853514
12056,0.064523175,0.02207278
12057,0.18281919,0.24988663
12058,0.08289597,0.06236022
12059,0.04964459,0.05996234
12060,0.04793975,0.08606233
12061,0.04073294,0.03617569
12062,0.008002874,0.0040963762
12063,0.015104016,0.007478
12064,0.09420285,0.07498751
12065,0.026312267,0.015032856
12066,0.38344052,0.45056295
12067,0.07486492,0.07315067
12068,0.009714757,0.005272259
12069,0.051342383,0.0678861
12070,0.14424899,0.11717327
12071,0.035632517,0.030034969
12072,0.0883275,0.09727549
12073,0.13969806,0.10443838
12074,0.016012793,0.005748761
12075,0.16384758,0.19345194
12076,0.013363955,0.009937363
12077,0.0812334,0.080490336
12078,0.15573199,0.29627636
12079,0.10448823,0.053760134
12080,0.054512538,0.04834185
12081,0.066277325,0.039657228
12082,0.0037619146,0.0011528264
12083,0.043191567,0.020889213
12084,0.16945523,0.24875687
12085,0.04896125,0.067025326
12086,0.013751417,0.0024439918
12087,0.08914469,0.106229104
12088,0.08878541,0.03509972
12089,0.008319889,0.0066018524
12090,0.0604372,0.055012874
12091,0.04278297,0.07597125
12092,0.11171618,0.0921262
12093,0.009869742,0.0111593595
12094,0.06074717,0.049548477
12095,0.019478828,0.026522692
12096,0.10727092,0.12107751
12097,0.12853913,0.07109096
12098,0.14475621,0.1437805
12099,0.13366067,0.11984783
12100,0.1027834,0.16183376
12101,0.059620004,0.0245552
12102,0.04525569,0.043607578
12103,0.13944446,0.06747877
12104,0.025340088,0.00369673
12105,0.10739773,0.07869193
12106,0.063163534,0.10916497
12107,0.10535474,0.11260039
12108,0.06547422,0.060730893
12109,0.13175859,0.08913653
12110,0.041930553,0.007454944
12111,0.21795152,0.30817354
12112,0.013110342,0.013757061
12113,0.094977774,0.15384084
12114,0.028580688,0.019982323
12115,0.13055393,0.18913269
12116,0.029404927,0.026238328
12117,0.15567563,0.04964839
12118,0.19789502,0.24820352
12119,0.012236789,0.005495139
12120,0.08531938,0.096330166
12121,0.026086833,0.01986704
12122,0.047488887,0.06064635
12123,0.023001218,0.009261038
12124,0.09286434,0.0766399
12125,0.106305785,0.122122735
12126,0.027981881,0.018137801
12127,0.0036562427,0.004019521
12128,0.049468473,0.027145218
12129,0.09588655,0.11730392
12130,0.044776645,0.0099604195
12131,0.11110328,0.029058909
12132,0.03272302,0.055089727
12133,0.12901112,0.14021443
12134,0.006805261,0.0059408983
12135,0.023437995,0.015324905
12136,0.32236224,0.2319256
12137,0.09190625,0.11537486
12138,0.007326575,0.00027667833
12139,0.15560518,0.3277024
12140,0.043114077,0.02015909
12141,0.02834821,0.019621104
12142,0.108912356,0.05062445
12143,0.09267413,0.06333628
12144,0.10326244,0.077323906
12145,0.11380848,0.07667832
12146,0.082254894,0.06868539
12147,0.0690107,0.09616877
12148,0.030158719,0.016446989
12149,0.04818632,0.05231526
12150,0.09491437,0.03790493
12151,0.08793299,0.06760174
12152,0.087355316,0.039234523
12153,0.13416791,0.22573876
12154,0.0118141025,0.005625793
12155,0.092110544,0.1512585
12156,0.037372578,0.021826845
12157,0.06572079,0.080075316
12158,0.13318868,0.16494639
12159,0.024057936,0.007608654
12160,0.037506428,0.032870922
12161,0.09667557,0.09265649
12162,0.018992737,0.014302732
12163,0.03404744,0.0028590094
12164,0.09391401,0.12992352
12165,0.02964445,0.029935058
12166,0.084093586,0.05123929
12167,0.07145524,0.08232717
12168,0.05704866,0.07080659
12169,0.011095534,0.007132152
12170,0.043896046,0.02558506
12171,0.039873477,0.025708027
12172,0.038992878,0.0034815355
12173,0.19078684,0.31765747
12174,0.06236747,0.108319566
12175,0.039239444,0.013649464
12176,0.034350365,0.021865273
12177,0.08695377,0.1546017
12178,0.018105093,0.011282328
12179,0.1634883,0.2379203
12180,0.047411393,0.073734775
12181,0.18505238,0.16226415
12182,0.044924587,0.017876495
12183,0.04908101,0.057725858
12184,0.086228155,0.06505015
12185,0.014603836,0.0021212006
12186,0.119176604,0.11485993
12187,0.14239621,0.1419283
12188,0.056013074,0.082027435
12189,0.01515333,0.012619605
12190,0.074132256,0.109057374
12191,0.13917674,0.092295274
12192,0.08941239,0.124159396
12193,0.09804226,0.055689197
12194,0.076111846,0.041386466
12195,0.0805571,0.18500558
12196,0.065664425,0.055105098
12197,0.028263671,0.0065480536
12198,0.03908446,0.04190908
12199,0.07939471,0.11728086
12200,0.048341304,0.05763363
12201,0.035188694,0.035145834
12202,0.14503801,0.12581947
12203,0.06845416,0.06562656
12204,0.016414346,0.013342043
12205,0.050398383,0.049940437
12206,0.06837667,0.06721746
12207,0.1815793,0.12272221
12208,0.15014547,0.1572532
12209,0.07135662,0.06352073
12210,0.031800155,0.010144872
12211,0.063550994,0.10606002
12212,0.11327308,0.18502863
12213,0.00929207,0.017484533
12214,0.01954223,0.008945933
12215,0.009242756,0.033078432
12216,0.0075942767,0.0024209353
12217,0.15495706,0.14577873
12218,0.10998316,0.05339123
12219,0.07723901,0.09777504
12220,0.12242425,0.167913
12221,0.03320911,0.031103255
12222,0.020648262,0.0033355108
12223,0.07708402,0.07458018
12224,0.014441807,0.0072243786
12225,0.041296523,0.02741421
12226,0.08679173,0.09533105
12227,0.09880309,0.07033778
12228,0.021557039,0.03317834
12229,0.17235063,0.10519156
12230,0.028911792,0.037474543
12231,0.12813053,0.10101833
12232,0.082360566,0.049963493
12233,0.09668261,0.079721786
12234,0.11575989,0.07263575
12235,0.088848814,0.03436191
12236,0.04650966,0.08225032
12237,0.028897703,0.05342966
12238,0.09330816,0.108634666
12239,0.019626766,0.010951851
12240,0.12160001,0.12629597
12241,0.052342743,0.019213773
12242,0.022965996,0.02445529
12243,0.088454306,0.05962418
12244,0.027904388,0.010106444
12245,0.2318227,0.26945394
12246,0.07519602,0.008807593
12247,0.065284014,0.0969527
12248,0.11316036,0.122184224
12249,0.010531952,0.0032048572
12250,0.039443742,0.03646774
12251,0.009573861,0.009506974
12252,0.23940289,0.16381663
12253,0.03384314,0.02635361
12254,0.087721646,0.04414556
12255,0.029003374,0.03246359
12256,0.058809854,0.02558506
12257,0.120395355,0.103523806
12258,0.034949172,0.03549168
12259,0.0970419,0.04892595
12260,0.16527063,0.093194485
12261,0.091124274,0.07089882
12262,0.017041331,0.009875879
12263,0.06779195,0.056649886
12264,0.057414986,0.1058602
12265,0.07931722,0.037566766
12266,0.036935803,0.036375515
12267,0.09082135,0.09327134
12268,0.0791411,0.06941552
12269,0.0061007827,0.010682858
12270,0.03046869,0.042377897
12271,0.21087855,0.22336395
12272,0.028003015,0.014656265
12273,0.0062769023,0.0007608654
12274,0.02463561,0.023609884
12275,0.029602181,0.017023403
12276,0.034406725,0.026399724
12277,0.036696278,0.025323752
12278,0.14284003,0.17745072
12279,0.050856292,0.052737962
12280,0.14032504,0.048787612
12281,0.049031693,0.04373823
12282,0.09294888,0.04139415
12283,0.061536185,0.052030895
12284,0.013061029,0.009921992
12285,0.061768662,0.08575491
12286,0.026544744,0.022434
12287,0.06461476,0.058432925
12288,0.04864423,0.014848404
12289,0.18868749,0.18834108
12290,0.11268836,0.1345041
12291,0.16391803,0.17625946
12292,0.086594485,0.10795066
12293,0.036710367,0.009706798
12294,0.051694624,0.050562963
12295,0.15175168,0.10100296
12296,0.19831066,0.26382816
12297,0.05687254,0.03995696
12298,0.03581568,0.017891865
12299,0.036914665,0.05267648
12300,0.032828692,0.03258656
12301,0.15170237,0.18555893
12302,0.02683358,0.029850516
12303,0.0359918,0.03758214
12304,0.037724815,0.012112362
12305,0.022268562,0.022226492
12306,0.09776046,0.099150755
12307,0.08825705,0.11029474
12308,0.19415423,0.2106598
12309,0.09270231,0.10768167
12310,0.07592868,0.04302348
12311,0.004466393,0.0015217308
12312,0.028587732,0.023417747
12313,0.011870461,0.00929178
12314,0.10203665,0.09932752
12315,0.0848826,0.094800755
12316,0.094590314,0.14728509
12317,0.06679864,0.097160205
12318,0.054392774,0.05478231
12319,0.06356508,0.034661647
12320,0.039795984,0.010921109
12321,0.06693249,0.06939246
12322,0.085263014,0.11000269
12323,0.05684436,0.040218268
12324,0.18052258,0.24588248
12325,0.11105397,0.11834915
12326,0.07750671,0.11628944
12327,0.06030335,0.02674557
12328,0.11933864,0.078791834
12329,0.05148328,0.046351306
12330,0.16812377,0.14817661
12331,0.017139958,0.010682858
12332,0.22841302,0.1417131
12333,0.041078135,0.043200247
12334,0.17949404,0.20903048
12335,0.020753933,0.004273143
12336,0.05341355,0.086800136
12337,0.04538954,0.045021713
12338,0.088820636,0.104300044
12339,0.039972104,0.01789955
12340,0.15287885,0.10720517
12341,0.013786642,0.009007417
12342,0.13475966,0.16347077
12343,0.15895146,0.22870538
12344,0.042360283,0.048518617
12345,0.044854138,0.034669332
12346,0.031680394,0.024747338
12347,0.06363553,0.05873266
12348,0.05885917,0.067325056
12349,0.18393226,0.14386505
12350,0.07316712,0.07026861
12351,0.111547105,0.08732276
12352,0.05685845,0.087660916
12353,0.069644734,0.026215272
12354,0.09839449,0.057118703
12355,0.16286835,0.13894631
12356,0.020211484,0.060277447
12357,0.014258642,0.012227645
12358,0.03094069,0.019536564
12359,0.15029341,0.55975866
12360,0.11061015,0.12402874
12361,0.06857392,0.08670791
12362,0.10387534,0.09110402
12363,0.05526633,0.07986781
12364,0.025924804,0.04033355
12365,0.059000064,0.053437345
12366,0.111666866,0.18305345
12367,0.024459489,0.015371018
12368,0.029271076,0.012504323
12369,0.117521085,0.104615144
12370,0.10641146,0.1477616
12371,0.15262523,0.0861853
12372,0.054258924,0.03489221
12373,0.071272075,0.023740537
12374,0.020901874,0.009983476
12375,0.09787318,0.035891328
12376,0.09377312,0.123329364
12377,0.07567506,0.039864734
12378,0.02135274,0.012204588
12379,0.14976506,0.15929754
12380,0.0918992,0.10843485
12381,0.07597799,0.03109557
12382,0.13061029,0.14647812
12383,0.12121959,0.06913115
12384,0.13024396,0.08727664
12385,0.037196457,0.02445529
12386,0.113787346,0.075256504
12387,0.12377685,0.0546286
12388,0.08695377,0.0512854
12389,0.108553074,0.07351958
12390,0.023832504,0.008961303
12391,0.02749579,0.005210775
12392,0.045939036,0.04414556
12393,0.10329062,0.10230181
12394,0.03230738,0.016877377
12395,0.05058155,0.0454521
12396,0.09418172,0.10402337
12397,0.1372183,0.20362756
12398,0.034392633,0.02809822
12399,0.052194804,0.072128505
12400,0.050109547,0.037712794
12401,0.049341664,0.025369866
12402,0.009609085,0.0036736734
12403,0.03827431,0.045636553
12404,0.06368484,0.058655806
12405,0.03185651,0.01902932
12406,0.027855074,0.04117127
12407,0.0551677,0.05113169
12408,0.09928214,0.14341928
12409,0.08891926,0.03662145
12410,0.104438916,0.16822042
12411,0.110039525,0.059662607
12412,0.07783077,0.08616224
12413,0.034885768,0.08974369
12414,0.029517643,0.023686739
12415,0.060148362,0.050201744
12416,0.06957428,0.061276563
12417,0.14568612,0.28758407
12418,0.1561899,0.18711908
12419,0.15503456,0.16450064
12420,0.02544576,0.016785152
12421,0.087869585,0.05767206
12422,0.029665584,0.017031088
12423,0.099704824,0.12933174
12424,0.046911214,0.05635784
12425,0.038013652,0.048403334
12426,0.035956576,0.025469776
12427,0.049355753,0.077200934
12428,0.1252492,0.16577643
12429,0.0775208,0.13596433
12430,0.029940331,0.028859086
12431,0.05952842,0.074180536
12432,0.13771144,0.27762365
12433,0.25705007,0.29712176
12434,0.050095458,0.024024902
12435,0.0593523,0.072466664
12436,0.11200502,0.101579376
12437,0.050229307,0.04984821
12438,0.0584083,0.082427084
12439,0.07282193,0.051754218
12440,0.052906327,0.05200784
12441,0.057865854,0.09629174
12442,0.07783782,0.009568458
12443,0.1507936,0.16509242
12444,0.10096584,0.18681934
12445,0.07158909,0.043976482
12446,0.07003924,0.027129848
12447,0.04593199,0.05469008
12448,0.017823303,0.005802559
12449,0.0364638,0.010121815
12450,0.106312834,0.23307075
12451,0.078126654,0.051969413
12452,0.14990595,0.1442032
12453,0.02652361,0.048756868
12454,0.041979864,0.06726357
12455,0.1089194,0.22536218
12456,0.039049234,0.09251816
12457,0.035646606,0.027029935
12458,0.047636826,0.06755562
12459,0.12581983,0.074933715
12460,0.15766226,0.13302079
12461,0.0616489,0.05698805
12462,0.020070588,0.03400069
12463,0.022127666,0.005779503
12464,0.030440511,0.03087269
12465,0.05666824,0.01735388
12466,0.16998358,0.13468085
12467,0.07797871,0.09286401
12468,0.09289956,0.09023556
12469,0.047517065,0.07503363
12470,0.026432028,0.021519424
12471,0.17804281,0.2961073
12472,0.04109927,0.011197787
12473,0.055879224,0.06268301
12474,0.11432979,0.12741037
12475,0.04170512,0.02649195
12476,0.05170167,0.076970376
12477,0.06948975,0.08414095
12478,0.046263095,0.04195519
12479,0.12257924,0.07835376
12480,0.12828551,0.14095223
12481,0.049637545,0.03818161
12482,0.012328371,0.011389924
12483,0.03901401,0.012419783
12484,0.056527343,0.026614917
12485,0.10884191,0.13117626
12486,0.025368266,0.060108367
12487,0.02814391,0.026330553
12488,0.0897435,0.09181109
12489,0.01774581,0.020312801
12490,0.10601695,0.10638282
12491,0.061021917,0.06860854
12492,0.21373874,0.14532529
12493,0.08874314,0.06431234
12494,0.010447415,0.012911655
12495,0.13297734,0.18325327
12496,0.06944748,0.11354571
12497,0.067179054,0.016577642
12498,0.019443603,0.0066249087
12499,0.08181812,0.061653152
12500,0.042261656,0.01726934
12501,0.014265687,0.017223226
12502,0.06228293,0.030411558
12503,0.080986835,0.08946701
12504,0.055188835,0.04413019
12505,0.0237691,0.009299465
12506,0.091124274,0.10292434
12507,0.12926474,0.1589978
12508,0.0609726,0.009699113
12509,0.053596713,0.053875417
12510,0.16942,0.222434
12511,0.01827417,0.008515544
12512,0.021613397,0.027206702
12513,0.017957153,0.0072243786
12514,0.012243834,0.0066402797
12515,0.15853581,0.1153518
12516,0.06189547,0.08152788
12517,0.09265299,0.17084886
12518,0.060817618,0.033431966
12519,0.25792363,0.29846674
12520,0.020725753,0.03818161
12521,0.048446976,0.056688312
12522,0.039972104,0.01629328
12523,0.110194504,0.09532337
12524,0.08009919,0.12254544
12525,0.080500744,0.17837298
12526,0.13555573,0.21490988
12527,0.058929615,0.03628329
12528,0.0604372,0.09939669
12529,0.055280417,0.071390696
12530,0.12691882,0.07651693
12531,0.07449859,0.13192177
12532,0.120247416,0.12656496
12533,0.07821824,0.06494255
12534,0.03540708,0.018460592
12535,0.029510599,0.029566154
12536,0.27053377,0.26106906
12537,0.037513472,0.049855895
12538,0.13724647,0.19788648
12539,0.16424209,0.08464051
12540,0.022705337,0.030127196
12541,0.105573125,0.10049572
12542,0.023064623,0.028874457
12543,0.039197177,0.05241517
12544,0.02915836,0.035975866
12545,0.086495854,0.10045729
12546,0.080120325,0.1483457
12547,0.02020444,0.006840103
12548,0.07049715,0.077254735
12549,0.03060254,0.030865004
12550,0.15304089,0.28295738
12551,0.026791312,0.0072551207
12552,0.16802514,0.16207202
12553,0.0759005,0.06463513
12554,0.15604196,0.3142451
12555,0.17454861,0.13093033
12556,0.036731504,0.025692657
12557,0.041282434,0.038343005
12558,0.046664648,0.019598048
12559,0.033814963,0.05068593
12560,0.03821795,0.043599892
12561,0.09802112,0.16390885
12562,0.090574786,0.12754871
12563,0.21063903,0.20433463
12564,0.07332211,0.042039733
12565,0.0683344,0.08095147
12566,0.06576306,0.032079313
12567,0.09179353,0.07824617
12568,0.06400186,0.05615033
12569,0.036971025,0.021304231
12570,0.07683746,0.075663835
12571,0.18282622,0.29835147
12572,0.06747494,0.049087346
12573,0.015681688,0.018045574
12574,0.10512226,0.125489
12575,0.05380806,0.043100335
12576,0.04171921,0.061630096
12577,0.12618616,0.1697729
12578,0.055329733,0.049771357
12579,0.03380792,0.018468278
12580,0.07161727,0.061045997
12581,0.026467253,0.03596818
12582,0.050708354,0.0396726
12583,0.02801006,0.033785496
12584,0.042437777,0.051585138
12585,0.1318854,0.15195788
12586,0.034885768,0.025869424
12587,0.07521011,0.022449372
12588,0.015329449,0.016731353
12589,0.07656271,0.07375783
12590,0.08257191,0.07391154
12591,0.030856153,0.03954963
12592,0.03821795,0.0412635
12593,0.066023715,0.09934289
12594,0.009890877,0.007869961
12595,0.17768353,0.35616955
12596,0.08229716,0.09386312
12597,0.13821161,0.12833263
12598,0.07270921,0.061876033
12599,0.3406928,0.34125966
12600,0.032138303,0.02176536
12601,0.04605175,0.03444645
12602,0.079753995,0.11535949
12603,0.05830263,0.019528879
12604,0.05349104,0.062006686
12605,0.058189914,0.042124275
12606,0.069778584,0.12003228
12607,0.061036006,0.068516314
12608,0.013328731,0.0046651037
12609,0.10627056,0.08212735
12610,0.072758526,0.04944088
12611,0.114181854,0.076063484
12612,0.12620026,0.26324406
12613,0.04061318,0.0918572
12614,0.032983676,0.04096376
12615,0.18004353,0.16787457
12616,0.20132583,0.20727049
12617,0.11860598,0.103008874
12618,0.023156203,0.027321985
12619,0.039126728,0.019636475
12620,0.07162432,0.04569035
12621,0.17912771,0.2823041
12622,0.03397699,0.01887561
12623,0.061014872,0.0466203
12624,0.040373657,0.077270105
12625,0.01416706,0.013549552
12626,0.01970426,0.014233562
12627,0.045868587,0.04688929
12628,0.11800717,0.21897553
12629,0.11260382,0.14248165
12630,0.04971504,0.04509088
12631,0.09115246,0.06439688
12632,0.02521328,0.02048188
12633,0.110046566,0.050939552
12634,0.07334324,0.080006145
12635,0.091969654,0.09044307
12636,0.015928255,0.018045574
12637,0.08341024,0.051469855
12638,0.025149878,0.051362257
12639,0.10048679,0.11603581
12640,0.0628747,0.045874804
12641,0.023036443,0.007869961
12642,0.031504273,0.0044883373
12643,0.046072885,0.06042347
12644,0.13061029,0.103477694
12645,0.008834159,0.014633209
12646,0.09397037,0.072097756
12647,0.10843331,0.14188987
12648,0.036146786,0.014464128
12649,0.07378706,0.052561197
12650,0.031447913,0.021212004
12651,0.033906545,0.027567921
12652,0.11090603,0.066956155
12653,0.041021775,0.034285057
12654,0.036266547,0.030196365
12655,0.1410718,0.1471237
12656,0.060416065,0.03869654
12657,0.17664795,0.27304307
12658,0.10008524,0.13535719
12659,0.12889136,0.12349845
12660,0.06178275,0.09724475
12661,0.04809474,0.024240095
12662,0.023909995,0.018368367
12663,0.07320235,0.07544864
12664,0.000944001,0.00014602467
12665,0.04649557,0.021434885
12666,0.022050172,0.03268647
12667,0.08114886,0.04243938
12668,0.035470486,0.013818545
12669,0.16624281,0.21152826
12670,0.0975139,0.13639472
12671,0.10659462,0.10417707
12672,0.04833426,0.017330823
12673,0.03522392,0.06720209
12674,0.017950108,0.0049417824
12675,0.033328872,0.023041155
12676,0.009531592,0.0042500864
12677,0.09347019,0.06984591
12678,0.021613397,0.013126849
12679,0.022099486,0.036360145
12680,0.02020444,0.015816778
12681,0.099810496,0.051024094
12682,0.0095386375,0.0018214657
12683,0.12723584,0.086031586
12684,0.020768022,0.007501057
12685,0.022705337,0.03222534
12686,0.084981225,0.09731392
12687,0.03335705,0.04006456
12688,0.03347681,0.04016447
12689,0.0815786,0.07428813
12690,0.09978232,0.07269723
12691,0.034174245,0.0690005
12692,0.0039873477,0.000891519
12693,0.0704267,0.05578911
12694,0.12164228,0.15329516
12695,0.10428394,0.13245206
12696,0.063550994,0.07830765
12697,0.101571694,0.08171233
12698,0.083727255,0.058263842
12699,0.18876497,0.27661684
12700,0.016886346,0.01886024
12701,0.1472078,0.17233217
12702,0.12085327,0.14485647
12703,0.13297029,0.084824964
12704,0.113568954,0.24140184
12705,0.08868678,0.086846255
12706,0.007918336,0.005041694
12707,0.059260722,0.02257234
12708,0.084248565,0.1181109
12709,0.15904304,0.2260385
12710,0.17568986,0.24206279
12711,0.08650994,0.107066825
12712,0.06400186,0.073250584
12713,0.025748685,0.03451562
12714,0.08195902,0.1315836
12715,0.07220903,0.13790877
12716,0.2264898,0.23710564
12717,0.13115978,0.139223
12718,0.057069793,0.039611112
12719,0.08998302,0.08616993
12720,0.022409458,0.024263151
12721,0.0055019762,0.0020904585
12722,0.1106031,0.13516505
12723,0.20856787,0.23805095
12724,0.033455677,0.0149329435
12725,0.013850044,0.013342043
12726,0.011299833,0.0025592744
12727,0.012074759,0.008684625
12728,0.086467676,0.15048227
12729,0.028249582,0.033001576
12730,0.05235683,0.04353072
12731,0.087615974,0.10117204
12732,0.045706555,0.03434654
12733,0.031715617,0.0718134
12734,0.037337355,0.020697076
12735,0.029193584,0.0047189025
12736,0.11548514,0.17894171
12737,0.03796434,0.044960227
12738,0.104199395,0.06727126
12739,0.05223707,0.02108135
12740,0.04069067,0.023202552
12741,0.049207814,0.052576568
12742,0.26410893,0.20157553
12743,0.065171294,0.043899626
12744,0.03928876,0.010406179
12745,0.53474134,0.5992007
12746,0.078147784,0.0670407
12747,0.07129321,0.0790224
12748,0.05487182,0.024263151
12749,0.015364673,0.01752296
12750,0.06446682,0.10284748
12751,0.14176923,0.14049879
12752,0.04469915,0.016423933
12753,0.016865212,0.00860777
12754,0.06681977,0.08792222
12755,0.088454306,0.12541214
12756,0.14650331,0.10141797
12757,0.050095458,0.03812781
12758,0.10113491,0.09762902
12759,0.09441419,0.010367752
12760,0.031525407,0.032110058
12761,0.06240974,0.046981517
12762,0.15207575,0.14741574
12763,0.033702247,0.016170312
12764,0.036752637,0.04490643
12765,0.022388322,0.0073473467
12766,0.062916964,0.11428352
12767,0.19275233,0.09539254
12768,0.35215464,0.5141298
12769,0.06507971,0.04789609
12770,0.05923254,0.079299085
12771,0.08747508,0.078077085
12772,0.25108314,0.38507473
12773,0.104333244,0.068116665
12774,0.09991617,0.08064405
12775,0.08880654,0.06681013
12776,0.0665873,0.076463126
12777,0.06961655,0.059900858
12778,0.035400037,0.03917304
12779,0.08302277,0.089736
12780,0.04898238,0.09497752
12781,0.10548154,0.100680165
12782,0.1929989,0.21866041
12783,0.07336438,0.09824386
12784,0.10651713,0.0737732
12785,0.16974406,0.31663528
12786,0.027650775,0.004726588
12787,0.077732146,0.14786151
12788,0.07096915,0.048726127
12789,0.36260912,0.41929063
12790,0.08429788,0.053329747
12791,0.019485872,0.017991776
12792,0.035794545,0.08075164
12793,0.1433543,0.12793298
12794,0.058830988,0.038842563
12795,0.13568254,0.08397187
12796,0.06417798,0.031464472
12797,0.05709797,0.062060487
12798,0.022071308,0.014502555
12799,0.029447196,0.062006686
12800,0.16432662,0.12189217
12801,0.07681632,0.10285517
12802,0.0604372,0.030711293
12803,0.049729127,0.009652999
12804,0.055083163,0.012381355
12805,0.052518863,0.010721285
12806,0.11197684,0.060446527
12807,0.049369846,0.060915343
12808,0.06779195,0.08048265
12809,0.079880804,0.30698228
12810,0.017879661,0.020043807
12811,0.08366385,0.06305192
12812,0.1390429,0.113038465
12813,0.8030349,0.87507206
12814,0.017175183,0.019313684
12815,0.04937689,0.030588325
12816,0.04958119,0.0887292
12817,0.09036344,0.05838681
12818,0.23186496,0.28330323
12819,0.14374177,0.07798486
12820,0.021838829,0.004196288
12821,0.21042769,0.3384775
12822,0.17433022,0.15228067
12823,0.05413212,0.07473389
12824,0.06128962,0.0726588
12825,0.08795413,0.10566806
12826,0.090736814,0.091918685
12827,0.037020337,0.043922685
12828,0.04113449,0.032079313
12829,0.051342383,0.04873381
12830,0.2524921,0.49802867
12831,0.022747606,0.023087269
12832,0.18712354,0.25376013
12833,0.0699547,0.035975866
12834,0.028904747,0.042001307
12835,0.113047644,0.109856665
12836,0.054921135,0.022695309
12837,0.023388682,0.014594781
12838,0.07525238,0.10296276
12839,0.035174605,0.05053222
12840,0.1038542,0.2565346
12841,0.15647873,0.1670061
12842,0.037428934,0.029912
12843,0.08484033,0.09380932
12844,0.031694483,0.007531799
12845,0.076781094,0.09445491
12846,0.042613897,0.02331015
12847,0.04167694,0.032571185
12848,0.025269639,0.019667218
12849,0.0994653,0.07617877
12850,0.046918258,0.054713137
12851,0.08666493,0.10661338
12852,0.07964128,0.074095994
12853,0.061536185,0.11439112
12854,0.15018775,0.106697924
12855,0.11151188,0.16957307
12856,0.03723873,0.02347923
12857,0.097302556,0.09897398
12858,0.01805578,0.012996196
12859,0.05900711,0.019344427
12860,0.04297318,0.016623756
12861,0.070032194,0.0433309
12862,0.05256113,0.022226492
12863,0.028080508,0.014471813
12864,0.17908545,0.2515006
12865,0.073272794,0.05817162
12866,0.07168772,0.053275947
12867,0.024008622,0.013910771
12868,0.12131117,0.17964877
12869,0.04534023,0.033962265
12870,0.26806107,0.2731353
12871,0.06897548,0.11875649
12872,0.122403115,0.1346117
12873,0.14754595,0.092833266
12874,0.050976057,0.05248434
12875,0.21359783,0.24222419
12876,0.04042297,0.0256696
12877,0.37657893,0.48075163
12878,0.07880999,0.114644736
12879,0.105453365,0.053913847
12880,0.014469986,0.0049571535
12881,0.03696398,0.03607578
12882,0.018189631,0.009337894
12883,0.047897484,0.10879607
12884,0.06635482,0.04851093
12885,0.08343137,0.056450065
12886,0.069644734,0.08776083
12887,0.10982113,0.040371977
12888,0.03442786,0.035875957
12889,0.024522891,0.024632057
12890,0.030581405,0.013949199
12891,0.15258297,0.15333359
12892,0.32468703,0.33737847
12893,0.08117704,0.09052761
12894,0.022578532,0.01381086
12895,0.057767227,0.021350345
12896,0.20697574,0.1869039
12897,0.04619969,0.060208276
12898,0.06248723,0.04429159
12899,0.041106313,0.044798832
12900,0.021035723,0.016108828
12901,0.030630719,0.018376052
12902,0.06431183,0.017253967
12903,0.1632065,0.20518772
12904,0.0850869,0.09573839
12905,0.016238226,0.011881797
12906,0.07729536,0.019951582
12907,0.013906403,0.00573339
12908,0.026918119,0.026845483
12909,0.046932347,0.01752296
12910,0.05549176,0.06630289
12911,0.18663041,0.22386351
12912,0.07623161,0.103531495
12913,0.092089415,0.08338009
12914,0.027481701,0.028274987
12915,0.12813757,0.22191139
12916,0.11382961,0.06940015
12917,0.083593406,0.07388848
12918,0.049243037,0.032110058
12919,0.027418299,0.015140452
12920,0.056541435,0.051446795
12921,0.03292732,0.060123738
12922,0.025248505,0.0214272
12923,0.116774336,0.15639243
12924,0.11382961,0.15182723
12925,0.024508802,0.022541597
12926,0.030398242,0.023302464
12927,0.021395007,0.035653077
12928,0.06932067,0.04529839
12929,0.054519583,0.057280097
12930,0.08915174,0.062936634
12931,0.021007545,0.017361565
12932,0.024381997,0.023640625
12933,0.04066249,0.03324751
12934,0.049707994,0.06780156
12935,0.18257262,0.045336816
12936,0.19871221,0.5221381
12937,0.07691495,0.046043884
12938,0.071152315,0.05051685
12939,0.032701887,0.023110326
12940,0.16138895,0.23689045
12941,0.062106814,0.057971794
12942,0.06398073,0.033493448
12943,0.01173661,0.0032817123
12944,0.16599624,0.14809977
12945,0.36371514,0.27281252
12946,0.062226575,0.0369673
12947,0.19226624,0.19094647
12948,0.004987707,0.00018445222
12949,0.054836597,0.061568614
12950,0.17891636,0.19502747
12951,0.19011758,0.18800291
12952,0.05985248,0.05426738
12953,0.06089511,0.03511509
12954,0.11985291,0.079276025
12955,0.08579842,0.13293625
12956,0.051462144,0.03917304
12957,0.1423328,0.111001804
12958,0.14438988,0.1529032
12959,0.095949955,0.16003536
12960,0.027749402,0.018721899
12961,0.05480137,0.07509511
12962,0.024572205,0.04091765
12963,0.055449493,0.04532913
12964,0.07868319,0.12071629
12965,0.052089132,0.055612344
12966,0.022205159,0.010190985
12967,0.04313521,0.046535756
12968,0.039810073,0.044599008
12969,0.043142255,0.020251317
12970,0.07363208,0.07505668
12971,0.013427358,0.0043730545
12972,0.13624611,0.17658994
12973,0.036766727,0.04231641
12974,0.12272013,0.07945279
12975,0.063276246,0.04688929
12976,0.022719428,0.015832148
12977,0.056971166,0.022718364
12978,0.07218085,0.10018061
12979,0.1224947,0.1089882
12980,0.25626808,0.45354494
12981,0.049257126,0.064135574
12982,0.14472099,0.1797948
12983,0.021535903,0.019721016
12984,0.061550274,0.06032356
12985,0.06419911,0.015601583
12986,0.120162874,0.123721324
12987,0.069799714,0.06202974
12988,0.05785881,0.028105907
12989,0.036555383,0.0102601545
12990,0.13712671,0.15429428
12991,0.18608797,0.2232794
12992,0.04607993,0.048042115
12993,0.04786226,0.038596626
12994,0.05885917,0.05464397
12995,0.064903595,0.090689
12996,0.09233598,0.08932867
12997,0.07457608,0.017399993
12998,0.10391056,0.15517043
12999,0.056823224,0.05199247
13000,0.024720145,0.006870845
13001,0.02232492,0.003958037
13002,0.02185292,0.010252469
13003,0.14954667,0.17327748
13004,0.020112857,0.009007417
13005,0.041993957,0.029712178
13006,0.16047312,0.112146944
13007,0.036879443,0.029850516
13008,0.03335705,0.078476734
13009,0.017118825,0.0021365716
13010,0.02113435,0.010874995
13011,0.03590726,0.013111479
13012,0.0523357,0.04870307
13013,0.11190639,0.12866311
13014,0.05342764,0.025923222
13015,0.08239579,0.06843177
13016,0.046326496,0.11206241
13017,0.12124777,0.20215194
13018,0.0850094,0.112984665
13019,0.025960028,0.019144602
13020,0.06124735,0.0453445
13021,0.05797857,0.045459785
13022,0.041078135,0.036905814
13023,0.035139382,0.038389117
13024,0.30228463,0.2878761
13025,0.20017754,0.15324906
13026,0.05921845,0.11414518
13027,0.075527124,0.060116053
13028,0.048228588,0.03535334
13029,0.018471424,0.010275525
13030,0.0663055,0.062959686
13031,0.07859865,0.10975675
13032,0.09069455,0.12934712
13033,0.03827431,0.019951582
13034,0.10210005,0.058210045
13035,0.030229166,0.014994428
13036,0.055188835,0.1478077
13037,0.10681301,0.16564578
13038,0.09260368,0.10171771
13039,0.028925883,0.0058871
13040,0.02787621,0.022157323
13041,0.090102784,0.124528304
13042,0.056069434,0.045198478
13043,0.056893673,0.054321177
13044,0.09960619,0.04249318
13045,0.03404744,0.03578373
13046,0.024494713,0.043184876
13047,0.06387506,0.088437155
13048,0.20534135,0.18709603
13049,0.04351563,0.059439726
13050,0.02378319,0.02717596
13051,0.009749981,0.007232064
13052,0.03491395,0.046128426
13053,0.04223348,0.039111555
13054,0.07406886,0.022134265
13055,0.13177973,0.1621796
13056,0.026530655,0.05409061
13057,0.070285805,0.07511048
13058,0.10265659,0.080421165
13059,0.027129462,0.015540099
13060,0.06782013,0.04210122
13061,0.03773186,0.03595281
13062,0.051694624,0.097214006
13063,0.06608007,0.04353072
13064,0.15940936,0.18851016
13065,0.06405117,0.05555086
13066,0.040859744,0.02931253
13067,0.038626548,0.04132498
13068,0.023156203,0.025869424
13069,0.03137042,0.03258656
13070,0.09113836,0.08089767
13071,0.06824282,0.09479307
13072,0.22134006,0.16612227
13073,0.17871912,0.21185873
13074,0.013469626,0.008484802
13075,0.05015886,0.08673097
13076,0.04613629,0.04581332
13077,0.087834366,0.12475118
13078,0.023762055,0.010513776
13079,0.04749593,0.10339315
13080,0.37065426,0.64394575
13081,0.056337137,0.051638935
13082,0.13645041,0.1906621
13083,0.030567316,0.021542482
13084,0.05397713,0.05083964
13085,0.17507696,0.22295661
13086,0.02375501,0.019352112
13087,0.049419157,0.047527187
13088,0.11848622,0.13544172
13089,0.03628768,0.0096606845
13090,0.06429774,0.09028936
13091,0.037879802,0.019060062
13092,0.15533748,0.20135266
13093,0.08793299,0.15834454
13094,0.0015850763,9.222611e-05
13095,0.06794694,0.069284864
13096,0.019570408,0.0064711985
13097,0.1581413,0.22263382
13098,0.21695116,0.22590785
13099,0.14493233,0.12710294
13100,0.033131618,0.028505553
13101,0.05282179,0.07295085
13102,0.067129746,0.040979132
13103,0.10562244,0.08726127
13104,0.07071554,0.087268956
13105,0.078880444,0.074856855
13106,0.029736033,0.037697423
13107,0.07409704,0.06937709
13108,0.1005502,0.18884833
13109,0.022691248,0.004349998
13110,0.06868664,0.05107789
13111,0.104079634,0.1089344
13112,0.060014512,0.03578373
13113,0.056337137,0.088721514
13114,0.016400257,0.018437536
13115,0.02490331,0.034523305
13116,0.03095478,0.015732236
13117,0.050278623,0.1325366
13118,0.1402405,0.16322485
13119,0.059380483,0.038458288
13120,0.18243876,0.14438766
13121,0.08796117,0.08584713
13122,0.10991976,0.08944395
13123,0.019182947,0.00860777
13124,0.046939395,0.057203244
13125,0.13666175,0.12628059
13126,0.07597095,0.06584176
13127,0.018872976,0.0070168697
13128,0.1267427,0.057956424
13129,0.039190132,0.056573033
13130,0.08484033,0.15334897
13131,0.24431309,0.29539254
13132,0.024994893,0.059324443
13133,0.098951034,0.042839028
13134,0.14471395,0.20447296
13135,0.058661915,0.03470776
13136,0.06574192,0.12628828
13137,0.051286027,0.038704224
13138,0.10102924,0.1269185
13139,0.034526486,0.03179495
13140,0.08395973,0.0786535
13141,0.3055534,0.49241057
13142,0.046037663,0.058571264
13143,0.00817195,0.0015217308
13144,0.09547795,0.07936825
13145,0.062909916,0.032332934
13146,0.008735532,0.007093725
13147,0.0759639,0.016170312
13148,0.031729706,0.012734888
13149,0.0765768,0.056127273
13150,0.28255218,0.25583524
13151,0.07683041,0.09088883
13152,0.017062467,0.0061714635
13153,0.0029588093,9.991162e-05
13154,0.037851624,0.055558544
13155,0.052244116,0.057372324
13156,0.19235078,0.35006726
13157,0.040091865,0.01985167
13158,0.06855983,0.049294855
13159,0.1678772,0.081666216
13160,0.045297958,0.04627445
13161,0.15711276,0.1324828
13162,0.011187117,0.005326058
13163,0.083994955,0.101095185
13164,0.05261749,0.025953963
13165,0.07111005,0.13477309
13166,0.019105453,0.010037275
13167,0.053674206,0.02520847
13168,0.017055422,0.017230911
13169,0.029581048,0.047811553
13170,0.10465731,0.11671214
13171,0.045290913,0.030104138
13172,0.07976104,0.0438612
13173,0.3306892,0.41175884
13174,0.035900217,0.022941245
13175,0.054907043,0.068900585
13176,0.06338192,0.05835607
13177,0.07704175,0.07950659
13178,0.029876927,0.014418015
13179,0.07864092,0.0690543
13180,0.07796462,0.088721514
13181,0.0871792,0.07440341
13182,0.086848095,0.15670753
13183,0.037471205,0.012850171
13184,0.09586541,0.07545633
13185,0.16605964,0.15865196
13186,0.043804467,0.036629137
13187,0.12795441,0.10975675
13188,0.19438672,0.22198825
13189,0.057703823,0.04788072
13190,0.18813094,0.15703031
13191,0.047432527,0.022318719
13192,0.019831067,0.014079852
13193,0.09144834,0.06748646
13194,0.08140952,0.17689736
13195,0.15636602,0.15527034
13196,0.1274965,0.08651578
13197,0.040366612,0.04507551
13198,0.05056041,0.061484072
13199,0.038006607,0.024086386
13200,0.06193774,0.094723895
13201,0.05673869,0.05900165
13202,0.033934724,0.01411828
13203,0.17378777,0.15039772
13204,0.06197296,0.07948353
13205,0.109053254,0.16301733
13206,0.0750199,0.13679437
13207,0.087848455,0.05647312
13208,0.014103657,0.0013833916
13209,0.057633374,0.037074894
13210,0.04005664,0.01418745
13211,0.15151216,0.19706413
13212,0.17061058,0.14062944
13213,0.12034604,0.17566767
13214,0.15768339,0.23482305
13215,0.018034646,0.01743842
13216,0.10808107,0.11447565
13217,0.07173703,0.12228414
13218,0.14152266,0.24897975
13219,0.14650331,0.45083964
13220,0.03523801,0.05104715
13221,0.046425123,0.034884524
13222,0.09914829,0.17466088
13223,0.04940507,0.021473313
13224,0.032645527,0.031687353
13225,0.10539701,0.12953925
13226,0.07926086,0.10735119
13227,0.030489825,0.015824463
13228,0.08019782,0.03294009
13229,0.09280094,0.09541559
13230,0.11038472,0.07904546
13231,0.08949693,0.08809131
13232,0.06898957,0.09443185
13233,0.078746594,0.061484072
13234,0.21729635,0.10141797
13235,0.06867255,0.058924798
13236,0.13362546,0.12437459
13237,0.053674206,0.05594282
13238,0.07692904,0.013603351
13239,0.056590747,0.02961995
13240,0.06558694,0.06986128
13241,0.04563611,0.014079852
13242,0.10813039,0.03274027
13243,0.05325152,0.07627099
13244,0.106024,0.08969758
13245,0.07928199,0.05281482
13246,0.024882177,0.010444607
13247,0.16675003,0.1611728
13248,0.071920194,0.03989548
13249,0.22458771,0.1096799
13250,0.04902465,0.018867925
13251,0.11312514,0.07195942
13252,0.038725175,0.037689734
13253,0.07420975,0.11469854
13254,0.25970596,0.20860776
13255,0.039309893,0.021880643
13256,0.053815104,0.041455634
13257,0.03932398,0.016892748
13258,0.00764359,0.0004457595
13259,0.03627359,0.04663567
13260,0.112314984,0.13282096
13261,0.084262654,0.07104485
13262,0.19653538,0.25874034
13263,0.061458692,0.065349884
13264,0.12393183,0.1268647
13265,0.027988926,0.021388771
13266,0.07804916,0.024486031
13267,0.05360376,0.025661914
13268,0.07857047,0.12597318
13269,0.07659089,0.032671098
13270,0.083360925,0.09496215
13271,0.00896801,0.003881182
13272,0.10129695,0.104707375
13273,0.1228258,0.17551397
13274,0.08907425,0.026568804
13275,0.12260037,0.0641202
13276,0.09056774,0.121300384
13277,0.14913808,0.20432694
13278,0.074132256,0.021919072
13279,0.11530902,0.12282212
13280,0.04420602,0.0321408
13281,0.09814793,0.09849748
13282,0.040225714,0.04370749
13283,0.12520695,0.060461897
13284,0.07679519,0.05970872
13285,0.06958837,0.13415056
13286,0.27326012,0.43210238
13287,0.07521011,0.044107135
13288,0.05238501,0.044814203
13289,0.051842563,0.023771279
13290,0.036851265,0.05100104
13291,0.09056774,0.1534335
13292,0.085995674,0.09073512
13293,0.062142037,0.06475041
13294,0.050694264,0.05270722
13295,0.022113577,0.019006263
13296,0.095703386,0.09135765
13297,0.08915174,0.093532644
13298,0.008714397,0.011251586
13299,0.05830263,0.031487532
13300,0.13328731,0.072873995
13301,0.08726373,0.08504016
13302,0.015519658,0.00128348
13303,0.07503399,0.059662607
13304,0.08214922,0.14783077
13305,0.04817223,0.021019867
13306,0.08004283,0.117765054
13307,0.037534606,0.023456173
13308,0.024691967,0.013833916
13309,0.0680033,0.0775391
13310,0.043748107,0.048218884
13311,0.09391401,0.056480806
13312,0.055449493,0.0933943
13313,0.102431156,0.08450986
13314,0.013138521,0.0013833916
13315,0.06233929,0.09483918
13316,0.07470993,0.091188565
13317,0.19273119,0.14000691
13318,0.08730601,0.042600777
13319,0.017442884,0.0036045038
13320,0.098704465,0.098712675
13321,0.1238473,0.16221035
13322,0.076245695,0.078061715
13323,0.095330015,0.046043884
13324,0.06410753,0.070499174
13325,0.050109547,0.052614994
13326,0.18323483,0.21476386
13327,0.096485354,0.17399223
13328,0.030842062,0.050470736
13329,0.053744655,0.04881067
13330,0.07640772,0.05365254
13331,0.014406582,0.0068631596
13332,0.055822864,0.08702302
13333,0.08007806,0.059647236
13334,0.086101346,0.1376859
13335,0.032434184,0.047050685
13336,0.033082303,0.021719249
13337,0.052568175,0.06924643
13338,0.052258205,0.043446183
13339,0.011877505,0.005833301
13340,0.23092097,0.31512123
13341,0.062022276,0.07690889
13342,0.050666083,0.038166236
13343,0.022839189,0.024286209
13344,0.04104291,0.05659609
13345,0.07494945,0.09293318
13346,0.04737617,0.05779503
13347,0.09128631,0.07042232
13348,0.06512198,0.07321216
13349,0.03537186,0.02384045
13350,0.07181452,0.071675055
13351,0.08375543,0.06796296
13352,0.041155625,0.057649
13353,0.215669,0.51143986
13354,0.16629212,0.33651
13355,0.021817695,0.024685854
13356,0.16536221,0.21919072
13357,0.018626409,0.015378703
13358,0.0625929,0.06451216
13359,0.105333604,0.16224878
13360,0.09524547,0.06437382
13361,0.06373416,0.037074894
13362,0.035364814,0.036698304
13363,0.19835293,0.22151943
13364,0.10052906,0.19242978
13365,0.109313905,0.090004995
13366,0.05993702,0.026637973
13367,0.08386815,0.099166125
13368,0.023762055,0.015586212
13369,0.022860322,0.018060947
13370,0.010524907,0.005718019
13371,0.06036675,0.04001076
13372,0.034124933,0.051369943
13373,0.0063473503,0.0005840987
13374,0.06470634,0.06945395
13375,0.09313908,0.2253545
13376,0.027502835,0.023948045
13377,0.027897343,0.004273143
13378,0.049369846,0.01985167
13379,0.05690776,0.040856164
13380,0.029271076,0.005210775
13381,0.018316438,0.017192483
13382,0.12162819,0.15626177
13383,0.011947953,0.0018675787
13384,0.009228666,0.009207239
13385,0.07085644,0.051124007
13386,0.11106806,0.09532337
13387,0.0064600664,0.011167045
13388,0.03213126,0.008746109
13389,0.070891656,0.015524728
13390,0.062332246,0.029919686
13391,0.20863831,0.3221304
13392,0.06434001,0.04870307
13393,0.04805247,0.031549014
13394,0.032701887,0.020182146
13395,0.06923614,0.05708796
13396,0.010975773,0.0045037083
13397,0.06561512,0.056719057
13398,0.20878625,0.18247704
13399,0.008242397,0.0022902817
13400,0.05859851,0.061822236
13401,0.02036647,0.02421704
13402,0.052666802,0.033109173
13403,0.1334423,0.15828305
13404,0.071257986,0.042846713
13405,0.044332825,0.05866349
13406,0.04634059,0.022403259
13407,0.1282362,0.1416593
13408,0.060254034,0.090719745
13409,0.120296724,0.15792952
13410,0.03391359,0.03470776
13411,0.13964875,0.23589902
13412,0.047101423,0.015332591
13413,0.09634446,0.016539216
13414,0.029503554,0.016477732
13415,0.23426723,0.36790532
13416,0.20227687,0.223656
13417,0.06587577,0.08666948
13418,0.013927537,0.003566076
13419,0.09450577,0.07944511
13420,0.022564443,0.02777543
13421,0.12085327,0.14431849
13422,0.047193006,0.02166545
13423,0.17008926,0.20956077
13424,0.023128025,0.010436921
13425,0.06535446,0.084748104
13426,0.11874688,0.1574607
13427,0.03482941,0.0062483186
13428,0.14328386,0.35309535
13429,0.06433296,0.021580908
13430,0.082374655,0.05920916
13431,0.0110039525,0.0022595397
13432,0.036280636,0.010367752
13433,0.110828534,0.20664027
13434,0.14784887,0.1330131
13435,0.06971518,0.032832496
13436,0.1486238,0.17015716
13437,0.063424185,0.08349537
13438,0.01908432,0.02098144
13439,0.11831714,0.03434654
13440,0.10960979,0.10911117
13441,0.0349069,0.03222534
13442,0.02151477,0.02341006
13443,0.082508504,0.056257926
13444,0.15719026,0.15474004
13445,0.07796462,0.052837875
13446,0.10997612,0.05284556
13447,0.022733517,0.021634707
13448,0.07609776,0.04291588
13449,0.11432275,0.12014756
13450,0.055998985,0.10491488
13451,0.008284666,0.0055950508
13452,0.14350928,0.22759867
13453,0.10267068,0.041025247
13454,0.037020337,0.027068364
13455,0.24617997,0.24644352
13456,0.049109187,0.045528956
13457,0.067017026,0.048864465
13458,0.024994893,0.042016678
13459,0.08832046,0.092372134
13460,0.028108686,0.056073472
13461,0.09395628,0.13663298
13462,0.18007171,0.20182915
13463,0.11857075,0.08407947
13464,0.044586435,0.021742305
13465,0.08016964,0.034700073
13466,0.017717632,0.00973754
13467,0.074012496,0.022687623
13468,0.11072286,0.04675095
13469,0.17307624,0.1463782
13470,0.08931377,0.069315605
13471,0.12651023,0.13313608
13472,0.053963043,0.06437382
13473,0.021430232,0.018222341
13474,0.123417564,0.20493409
13475,0.12698928,0.0825808
13476,0.05241319,0.08815279
13477,0.025995253,0.0030972601
13478,0.07266694,0.039657228
13479,0.32262996,0.31203166
13480,0.04740435,0.03698267
13481,0.12085327,0.11126311
13482,0.14910989,0.16222572
13483,0.078366175,0.06630289
13484,0.03759801,0.019636475
13485,0.03842225,0.06554202
13486,0.08242397,0.1601737
13487,0.007622456,0.003727472
13488,0.07220199,0.08263459
13489,0.081353165,0.06992276
13490,0.030060092,0.031464472
13491,0.12184658,0.18833339
13492,0.07403363,0.09088115
13493,0.1584231,0.08694616
13494,0.0758371,0.03028859
13495,0.048799217,0.02038197
13496,0.12834892,0.14640895
13497,0.07927495,0.23238674
13498,0.07335029,0.06275987
13499,0.084213346,0.02861315
13500,0.044818915,0.017645929
13501,0.045981303,0.029350959
13502,0.0936604,0.089543864
13503,0.015836673,0.0059101563
13504,0.08265645,0.0919648
13505,0.10126877,0.11351497
13506,0.065509446,0.052015524
13507,0.18292485,0.14903739
13508,0.122903295,0.13606425
13509,0.22759582,0.28505552
13510,0.06180389,0.08536295
13511,0.03204672,0.008392576
13512,0.125531,0.23656765
13513,0.29254875,0.29141912
13514,0.14847586,0.055865966
13515,0.080486655,0.084041044
13516,0.099070795,0.13256735
13517,0.054435045,0.02859778
13518,0.06967291,0.0389809
13519,0.026502477,0.045006342
13520,0.042451866,0.021627022
13521,0.12730628,0.07029935
13522,0.33887523,0.36976522
13523,0.048933066,0.1004496
13524,0.09726028,0.11003343
13525,0.06667183,0.019728702
13526,0.10088835,0.058701918
13527,0.057527702,0.060884602
13528,0.021937456,0.0026361295
13529,0.042627987,0.015716866
13530,0.20822267,0.12820967
13531,0.043008406,0.030503785
13532,0.012180431,0.009015102
13533,0.035442308,0.03230988
13534,0.13550642,0.11035623
13535,0.05661188,0.06742497
13536,0.036900576,0.039234523
13537,0.06438228,0.020850785
13538,0.050976057,0.0052645737
13539,0.020218529,0.002928179
13540,0.06893321,0.07826922
13541,0.03199741,0.018514391
13542,0.08019782,0.0765861
13543,0.097718194,0.11834147
13544,0.10251569,0.17089498
13545,0.06669297,0.067740075
13546,0.02478355,0.017945664
13547,0.020768022,0.018099373
13548,0.03764028,0.01576298
13549,0.048284948,0.073727086
13550,0.065910995,0.07901472
13551,0.0824451,0.11153211
13552,0.053554446,0.09583829
13553,0.07392091,0.052169234
13554,0.037971385,0.018983208
13555,0.15092744,0.16737501
13556,0.1640871,0.18001768
13557,0.091469474,0.10340852
13558,0.07194838,0.07428044
13559,0.16059288,0.1430888
13560,0.028637046,0.043000422
13561,0.20794088,0.19472773
13562,0.036203142,0.0076931943
13563,0.047784768,0.042400952
13564,0.10504477,0.074034505
13565,0.022895547,0.015655382
13566,0.14899717,0.19737156
13567,0.09530888,0.09856665
13568,0.14367837,0.14577104
13569,0.093089774,0.15698421
13570,0.06400891,0.07286631
13571,0.023543667,0.01947508
13572,0.03366702,0.016493103
13573,0.06261404,0.04669715
13574,0.03361771,0.019521194
13575,0.14373472,0.21075203
13576,0.114907466,0.15108174
13577,0.08919401,0.026038505
13578,0.1455875,0.20786996
13579,0.008573501,0.0043115704
13580,0.13304779,0.112216115
13581,0.0700956,0.07397302
13582,0.14116338,0.21753833
13583,0.06567852,0.06601084
13584,0.07118049,0.09965031
13585,0.15244207,0.28010607
13586,0.028989285,0.018460592
13587,0.16706,0.1753372
13588,0.028622957,0.013757061
13589,0.030672988,0.012488952
13590,0.06524174,0.03653691
13591,0.09230076,0.18911731
13592,0.0494262,0.077293165
13593,0.58646417,0.5784652
13594,0.09785909,0.08225032
13595,0.016505929,0.0022979672
13596,0.051349428,0.04884141
13597,0.015442166,0.009191869
13598,0.023543667,0.012696461
13599,0.05609761,0.07506437
13600,0.09492846,0.119386695
13601,0.030757526,0.015378703
13602,0.06398777,0.046927717
13603,0.009982458,0.014210506
13604,0.071138225,0.11794182
13605,0.16272746,0.41281942
13606,0.028475016,0.039111555
13607,0.103431515,0.12701072
13608,0.099451214,0.07431887
13609,0.029285166,0.019897783
13610,0.22200932,0.25986242
13611,0.022522174,0.011090189
13612,0.022071308,0.02363294
13613,0.08278325,0.1556623
13614,0.10049384,0.10675172
13615,0.07541441,0.104346156
13616,0.031934004,0.029796718
13617,0.008355114,0.005180033
13618,0.054125074,0.029512355
13619,0.024121339,0.012212274
13620,0.009742936,0.0024824194
13621,0.072511956,0.032809436
13622,0.054202564,0.07470315
13623,0.032511678,0.009015102
13624,0.018281214,0.009668371
13625,0.05561152,0.050017294
13626,0.059345257,0.09696038
13627,0.045171153,0.040341236
13628,0.121783175,0.16485417
13629,0.028087553,0.02392499
13630,0.14817998,0.09968105
13631,0.24750438,0.311363
13632,0.1188455,0.25156978
13633,0.14461532,0.13709411
13634,0.048235632,0.032087
13635,0.28649727,0.27289706
13636,0.081987195,0.05753372
13637,0.14162832,0.119832456
13638,0.053582624,0.05986243
13639,0.12995513,0.10594474
13640,0.11962747,0.05856358
13641,0.025248505,0.020627907
13642,0.08250146,0.05873266
13643,0.14515072,0.13284402
13644,0.07916928,0.06555739
13645,0.19252689,0.14514852
13646,0.08844022,0.057887252
13647,0.046002436,0.049402453
13648,0.043586075,0.054928333
13649,0.21323152,0.18306114
13650,0.37138692,0.5132537
13651,0.012159296,0.0015447873
13652,0.02347322,0.00929178
13653,0.051863696,0.07672443
13654,0.04547408,0.01856819
13655,0.06107123,0.06398955
13656,0.09223735,0.09731392
13657,0.01075034,0.0045190793
13658,0.065671474,0.05824847
13659,0.07580187,0.10296276
13660,0.035026666,0.017177112
13661,0.09591473,0.10200208
13662,0.068510525,0.0545748
13663,0.084262654,0.07713945
13664,0.055935584,0.11007954
13665,0.07957788,0.112638816
13666,0.053526267,0.03708258
13667,0.01858414,0.009898935
13668,0.096464224,0.080136806
13669,0.025135789,0.09482381
13670,0.097950675,0.28991276
13671,0.17463315,0.32556584
13672,0.05531564,0.059677977
13673,0.09838745,0.09062752
13674,0.06641822,0.026215272
13675,0.09280798,0.07182877
13676,0.06501631,0.117818855
13677,0.07834504,0.052922416
13678,0.081642,0.06409714
13679,0.0669818,0.0894209
13680,0.03878858,0.049218
13681,0.0513917,0.050885756
13682,0.1956266,0.164516
13683,0.027059015,0.01916766
13684,0.016400257,0.0131652765
13685,0.06130371,0.06242939
13686,0.05987362,0.081658535
13687,0.045361362,0.049809784
13688,0.126475,0.1181647
13689,0.11213887,0.264589
13690,0.06629846,0.047565617
13691,0.02070462,0.0080083
13692,0.074378826,0.06747109
13693,0.033582482,0.01945971
13694,0.017189272,0.015186566
13695,0.046044707,0.11963263
13696,0.026509522,0.06085386
13697,0.18153703,0.13664836
13698,0.049870025,0.06793221
13699,0.07397728,0.020128349
13700,0.031257704,0.023002729
13701,0.0779294,0.07306613
13702,0.22482723,0.19489682
13703,0.048045427,0.041048303
13704,0.1296381,0.1416593
13705,0.18391816,0.24033356
13706,0.026678596,0.014464128
13707,0.09443533,0.049087346
13708,0.06636186,0.04271606
13709,0.07194838,0.33771664
13710,0.049123276,0.075302616
13711,0.11025087,0.06276755
13712,0.10233957,0.12014756
13713,0.051863696,0.04199362
13714,0.03191287,0.020881528
13715,0.12920134,0.16656035
13716,0.122699,0.05806402
13717,0.06481201,0.055151213
13718,0.049707994,0.0502786
13719,0.058337852,0.12961611
13720,0.037414845,0.04606694
13721,0.044382136,0.040771626
13722,0.027988926,0.007116781
13723,0.039436698,0.03828152
13724,0.054646388,0.06370518
13725,0.07417453,0.06983054
13726,0.059831347,0.089920454
13727,0.20572178,0.17430735
13728,0.020725753,0.022180378
13729,0.029017463,0.04006456
13730,0.07744331,0.10884986
13731,0.0051356475,0.0052030897
13732,0.071899064,0.0845944
13733,0.09251914,0.11717327
13734,0.0698913,0.07227453
13735,0.13584456,0.22490105
13736,0.013913448,0.002751412
13737,0.07620343,0.107904546
13738,0.06692544,0.04363832
13739,0.050370205,0.06660262
13740,0.04089497,0.0648119
13741,0.11719702,0.14975214
13742,0.019175902,0.003051147
13743,0.14155789,0.17676671
13744,0.07344187,0.05397533
13745,0.08752439,0.16871229
13746,0.06360735,0.014010683
13747,0.012229744,0.009837451
13748,0.2979521,0.37849593
13749,0.03137747,0.016131883
13750,0.062536545,0.04904892
13751,0.0146742845,0.021304231
13752,0.07435065,0.101886794
13753,0.16900437,0.19282942
13754,0.042698435,0.016385505
13755,0.07570325,0.110263996
13756,0.035660695,0.02453983
13757,0.084614895,0.13737078
13758,0.011194161,0.01148215
13759,0.055273373,0.028774546
13760,0.095217295,0.06407409
13761,0.07324462,0.1052223
13762,0.036506068,0.045321446
13763,0.020155126,0.005656535
13764,0.097464584,0.07516428
13765,0.060888067,0.075702265
13766,0.17248449,0.09994236
13767,0.021733157,0.0065634246
13768,0.060859885,0.044883374
13769,0.056161016,0.09414749
13770,0.023705697,0.009814395
13771,0.03821795,0.02544672
13772,0.07821824,0.07383469
13773,0.084600806,0.09304077
13774,0.04500912,0.097898014
13775,0.032004453,0.023148753
13776,0.2994949,0.3764593
13777,0.0831989,0.05803328
13778,0.06133893,0.055251125
13779,0.06083875,0.050063405
13780,0.22584872,0.32201514
13781,0.12486879,0.09025093
13782,0.064671114,0.11429889
13783,0.032124214,0.06850094
13784,0.092610724,0.33398148
13785,0.09412535,0.03174884
13786,0.05612579,0.036375515
13787,0.028545463,0.049448565
13788,0.036196098,0.04114053
13789,0.1502441,0.19608808
13790,0.09527365,0.07624794
13791,0.117781736,0.17440726
13792,0.04379742,0.06637974
13793,0.018386886,0.023825077
13794,0.023268921,0.00883065
13795,0.048623096,0.031879492
13796,0.041465595,0.04094839
13797,0.04870059,0.05960112
13798,0.21731749,0.31175497
13799,0.016259361,0.005648849
13800,0.09342088,0.055466317
13801,0.145193,0.14882219
13802,0.119127296,0.27192098
13803,0.057633374,0.024193982
13804,0.08196606,0.14782308
13805,0.14157902,0.09987319
13806,0.06116281,0.06518849
13807,0.098570615,0.10838105
13808,0.08068391,0.047465704
13809,0.009559771,0.00400415
13810,0.15800746,0.1526342
13811,0.05380806,0.062352534
13812,0.16706705,0.23721324
13813,0.13702808,0.13633324
13814,0.13149793,0.10993352
13815,0.059253674,0.059393615
13816,0.035879083,0.045175422
13817,0.059796125,0.052661106
13818,0.10522089,0.13313608
13819,0.11096239,0.09849748
13820,0.09395628,0.04702763
13821,0.0038253176,0.0008684625
13822,0.07330802,0.015394075
13823,0.018323483,0.021942127
13824,0.035822727,0.0160704
13825,0.03161699,0.053621795
13826,0.12828551,0.14633209
13827,0.034110844,0.033447336
13828,0.13309005,0.10110287
13829,0.06746789,0.063036546
13830,0.044741422,0.012181532
13831,0.021127306,0.029973485
13832,0.0046425126,0.0044268533
13833,0.04126834,0.035430197
13834,0.048108827,0.040410407
13835,0.042966135,0.06828575
13836,0.07766169,0.09685279
13837,0.12096598,0.44781923
13838,0.0706944,0.04675095
13839,0.117640845,0.14886062
13840,0.068524614,0.029289475
13841,0.16094513,0.08699996
13842,0.036435623,0.028228875
13843,0.06724246,0.07871498
13844,0.044966854,0.031695038
13845,0.04433987,0.037159435
13846,0.07604139,0.05103178
13847,0.23683858,0.34932175
13848,0.10569289,0.04970987
13849,0.094477594,0.12165392
13850,0.07029989,0.05349114
13851,0.07852116,0.059831686
13852,0.06444568,0.029527726
13853,0.03765437,0.03853514
13854,0.053004954,0.073711716
13855,0.11718293,0.18030204
13856,0.24102318,0.298851
13857,0.0057767224,0.0060177534
13858,0.024043847,0.023463858
13859,0.12372049,0.13088422
13860,0.059429795,0.121784575
13861,0.011630937,0.015640011
13862,0.079401754,0.095953576
13863,0.022155846,0.010183299
13864,0.036956936,0.032455903
13865,0.018210765,0.03761288
13866,0.11657708,0.19548093
13867,0.04562202,0.051377628
13868,0.05366716,0.03162587
13869,0.0673904,0.08310341
13870,0.053138804,0.059393615
13871,0.017456975,0.0079237595
13872,0.01806987,0.009245668
13873,0.11397051,0.07701649
13874,0.07865501,0.1014026
13875,0.030363018,0.037805017
13876,0.05607648,0.10413096
13877,0.012180431,0.003835069
13878,0.11410436,0.076501556
13879,0.027559195,0.012350613
13880,0.07070849,0.057303157
13881,0.00407893,0.0017446105
13882,0.057633374,0.03458479
13883,0.05199755,0.0482112
13884,0.041782614,0.029335588
13885,0.085967496,0.03888099
13886,0.016865212,0.023848135
13887,0.08904607,0.2022749
13888,0.09478757,0.07352726
13889,0.07010969,0.08468662
13890,0.075646885,0.016078085
13891,0.057886988,0.060607925
13892,0.07279375,0.05163125
13893,0.025030116,0.011535949
13894,0.06669297,0.06625678
13895,0.19405562,0.32769474
13896,0.0688064,0.0777543
13897,0.027840985,0.033362795
13898,0.03537186,0.017699728
13899,0.025361221,0.008922876
13900,0.042902734,0.021703877
13901,0.1328153,0.06551896
13902,0.022571487,0.016892748
13903,0.017900795,0.0043730545
13904,0.02097232,0.02077393
13905,0.058605555,0.0443377
13906,0.043980584,0.021480998
13907,0.032553945,0.041371096
13908,0.0065586935,0.006117665
13909,0.027206955,0.023110326
13910,0.0102360705,0.002928179
13911,0.14164947,0.123775125
13912,0.07730241,0.06867002
13913,0.022578532,0.006025439
13914,0.11139917,0.09427045
13915,0.027890299,0.022810591
13916,0.12048694,0.1857895
13917,0.055836957,0.041540176
13918,0.019647902,0.032417476
13919,0.051476233,0.06599546
13920,0.1409943,0.28069016
13921,0.053815104,0.08783
13922,0.07248378,0.055612344
13923,0.23509853,0.25170043
13924,0.03096887,0.013111479
13925,0.06658025,0.062091228
13926,0.03511825,0.05746455
13927,0.02379728,0.015063598
13928,0.1266793,0.12787919
13929,0.18370682,0.20677862
13930,0.16661619,0.11296161
13931,0.10513635,0.05542789
13932,0.10724979,0.086876996
13933,0.073406644,0.06743266
13934,0.040091865,0.08652346
13935,0.24570093,0.2811436
13936,0.06116281,0.09732929
13937,0.058267407,0.04829574
13938,0.06109941,0.048234254
13939,0.06924318,0.08091304
13940,0.007960605,0.013933828
13941,0.088250004,0.10130269
13942,0.009327293,0.021265803
13943,0.04662942,0.03812781
13944,0.10357241,0.08773777
13945,0.08429788,0.21374938
13946,0.05930299,0.043684434
13947,0.027573284,0.024055643
13948,0.27568352,0.3373631
13949,0.01639321,0.00052261463
13950,0.07246969,0.05058602
13951,0.0027545104,0.0010682858
13952,0.09091998,0.048641585
13953,0.04378333,0.050378513
13954,0.047355037,0.043230988
13955,0.05993702,0.042224187
13956,0.06844712,0.09530031
13957,0.05693594,0.05635784
13958,0.11258973,0.10742036
13959,0.12589733,0.19546555
13960,0.0071152314,0.0021980556
13961,0.05633009,0.022695309
13962,0.0652347,0.05053222
13963,0.09279389,0.10243247
13964,0.046974618,0.054152098
13965,0.008658039,0.0035276485
13966,0.09676715,0.060131423
13967,0.021817695,0.015670752
13968,0.09250505,0.046159167
13969,0.089595556,0.1899243
13970,0.045762915,0.049218
13971,0.07566802,0.076455444
13972,0.01824599,0.016946547
13973,0.014498165,0.0011374553
13974,0.04004255,0.038565885
13975,0.021296382,0.009337894
13976,0.064276606,0.09550782
13977,0.044396225,0.016262537
13978,0.07182157,0.07014564
13979,0.033406366,0.030726666
13980,0.01680181,0.01350344
13981,0.074646525,0.097513735
13982,0.10336811,0.14507936
13983,0.05173689,0.1145064
13984,0.17493607,0.17983322
13985,0.066404134,0.033670213
13986,0.123283714,0.06588018
13987,0.1314134,0.06867002
13988,0.016062107,0.017200168
13989,0.17810622,0.2631749
13990,0.06357917,0.024893364
13991,0.07111005,0.081620105
13992,0.02980648,0.02575414
13993,0.08090229,0.03332437
13994,0.06507267,0.03395458
13995,0.13368182,0.10752796
13996,0.043931272,0.014371902
13997,0.077485576,0.104276985
13998,0.018915243,0.008215809
13999,0.01612551,0.0070014987
14000,0.08614361,0.12236867
14001,0.047615692,0.05920916
14002,0.029383793,0.023533028
14003,0.04871468,0.08697691
14004,0.11933159,0.18410636
14005,0.13503441,0.1487146
14006,0.07503399,0.03217154
14007,0.06949679,0.08282673
14008,0.024325639,0.002597702
14009,0.030687077,0.031956345
14010,0.06047947,0.09643008
14011,0.03553389,0.06517312
14012,0.24158676,0.37530646
14013,0.106087394,0.12590401
14014,0.026298178,0.0051723476
14015,0.2241791,0.3185259
14016,0.04328315,0.05743381
14017,0.06139529,0.08582408
14018,0.10548154,0.1703032
14019,0.079986475,0.11749606
14020,0.028003015,0.04435307
14021,0.09647831,0.0830035
14022,0.025960028,0.01480229
14023,0.07181452,0.028643891
14024,0.07819005,0.06840103
14025,0.07759125,0.08779157
14026,0.07044784,0.060946085
14027,0.13651381,0.18039426
14028,0.10450232,0.026960766
14029,0.115534455,0.04788072
14030,0.09026481,0.50085694
14031,0.08095866,0.068946704
14032,0.23257649,0.10717443
14033,0.06121917,0.07871498
14034,0.040303208,0.061999
14035,0.10186757,0.15241902
14036,0.027009701,0.01261192
14037,0.046333544,0.05817162
14038,0.1325617,0.26755562
14039,0.06473452,0.07021481
14040,0.0528077,0.035722245
14041,0.05230752,0.08075933
14042,0.056104656,0.025400607
14043,0.039140817,0.025300695
14044,0.09794363,0.10913423
14045,0.019077275,0.003758214
14046,0.04786226,0.062275678
14047,0.043304287,0.052207664
14048,0.01804169,0.0155016715
14049,0.1392965,0.18519002
14050,0.14116338,0.11076356
14051,0.034456037,0.07400376
14052,0.04646035,0.04148638
14053,0.014237508,0.004011836
14054,0.18186814,0.19297545
14055,0.18040282,0.08715367
14056,0.034716696,0.027199017
14057,0.107926086,0.12860931
14058,0.0065375594,0.005057065
14059,0.03294141,0.050063405
14060,0.12059261,0.13123775
14061,0.17737356,0.2077931
14062,0.036189053,0.02207278
14063,0.08815842,0.076470815
14064,0.107686564,0.10252469
14065,0.11065242,0.094800755
14066,0.022141755,0.020420397
14067,0.049919337,0.10121816
14068,0.06543899,0.017223226
14069,0.0020500321,0.0009991162
14070,0.022803964,0.015470929
14071,0.06784127,0.046989202
14072,0.10665803,0.13933828
14073,0.04820041,0.030380817
14074,0.041197896,0.056903508
14075,0.064283654,0.06757868
14076,0.13614045,0.16155708
14077,0.08868678,0.049586903
14078,0.08789776,0.07284325
14079,0.039866433,0.0059716403
14080,0.0031490184,0.0019290628
14081,0.036590606,0.023248665
14082,0.029299255,0.010659801
14083,0.40890038,0.3829612
14084,0.156993,0.12644967
14085,0.13764098,0.15865196
14086,0.018978648,0.016969604
14087,0.09902853,0.11807247
14088,0.0027474656,0.0017292395
14089,0.13015942,0.11117089
14090,0.10650304,0.14495638
14091,0.13313232,0.12581179
14092,0.07044079,0.029089652
14093,0.0118141025,0.0011912539
14094,0.10214232,0.07193636
14095,0.025072385,0.017807323
14096,0.0763091,0.03991085
14097,0.026368625,0.022211121
14098,0.05096901,0.023164123
14099,0.028855434,0.01796872
14100,0.72805023,0.8040426
14101,0.06770742,0.095477074
14102,0.3879492,0.5348653
14103,0.022888502,0.018045574
14104,0.03468147,0.03971871
14105,0.021733157,0.008876763
14106,0.025361221,0.020643277
14107,0.14566499,0.111055605
14108,0.042508226,0.09377089
14109,0.08779209,0.20554894
14110,0.034040395,0.03778196
14111,0.13416086,0.1219844
14112,0.028460925,0.022679936
14113,0.11758448,0.10599086
14114,0.118627116,0.12784845
14115,0.08403722,0.2124121
14116,0.09835927,0.11552857
14117,0.09714052,0.1270261
14118,0.022346053,0.012342927
14119,0.18801118,0.22278753
14120,0.041493777,0.012811744
14121,0.02312098,0.0016216424
14122,0.12092371,0.16941167
14123,0.46637172,0.55931294
14124,0.04609402,0.029350959
14125,0.03596362,0.046943087
14126,0.054287102,0.057118703
14127,0.08066982,0.057441495
14128,0.04768614,0.028474811
14129,0.027974837,0.005810245
14130,0.026657462,0.0052030897
14131,0.032483496,0.0063943435
14132,0.03060254,0.032732584
14133,0.22553171,0.20493409
14134,0.048003156,0.037774276
14135,0.1293845,0.29755217
14136,0.075026944,0.06950774
14137,0.04088088,0.025308382
14138,0.18160748,0.1273412
14139,0.023649339,0.026684087
14140,0.06412867,0.020835415
14141,0.084748745,0.06343619
14142,0.2274197,0.18931714
14143,0.02004241,0.008899819
14144,0.07215972,0.044552896
14145,0.1066228,0.04572109
14146,0.13034259,0.117388465
14147,0.016555242,0.0071782656
14148,0.059697498,0.029397072
14149,0.024191787,0.018744957
14150,0.067179054,0.02452446
14151,0.04627014,0.013780118
14152,0.036808994,0.0041732313
14153,0.025614833,0.008907505
14154,0.0967601,0.08513238
14155,0.060782395,0.13543405
14156,0.05877463,0.09945817
14157,0.04493163,0.04372286
14158,0.11382257,0.11665834
14159,0.0048749903,0.0014448757
14160,0.025283728,0.02068939
14161,0.16651051,0.21106714
14162,0.052286383,0.03539177
14163,0.008728487,0.00017676671
14164,0.027291492,0.024286209
14165,0.058457617,0.065726474
14166,0.026340446,0.039588057
14167,0.04259981,0.030772777
14168,0.083480686,0.06819352
14169,0.06565034,0.033962265
14170,0.085079856,0.0775391
14171,0.029059732,0.040717825
14172,0.12112097,0.08822196
14173,0.03256099,0.019075433
14174,0.0332866,0.025953963
14175,0.16224137,0.10937248
14176,0.015449211,0.009952734
14177,0.0095527265,0.0058871
14178,0.011567535,0.0041732313
14179,0.09707712,0.10101833
14180,0.048763994,0.031141682
14181,0.061190993,0.10337778
14182,0.30711734,0.43244052
14183,0.0020148081,0.0020904585
14184,0.043508586,0.029397072
14185,0.049031693,0.05820236
14186,0.037365533,0.050970297
14187,0.07754193,0.05568151
14188,0.01773172,0.003788956
14189,0.121902935,0.19424355
14190,0.066791594,0.07522576
14191,0.05585809,0.035276487
14192,0.09261777,0.3157361
14193,0.07173703,0.06324405
14194,0.016632734,0.013049995
14195,0.0099261,0.010752027
14196,0.060268123,0.06202974
14197,0.0664464,0.07623256
14198,0.092350066,0.082065865
14199,0.08248033,0.07660916
14200,0.016851123,0.008308035
14201,0.02918654,0.011935595
14202,0.09130744,0.072136186
14203,0.10565062,0.13771664
14204,0.01725972,0.010759712
14205,0.08156451,0.05435192
14206,0.033864275,0.036821272
14207,0.045981303,0.03493064
14208,0.116175525,0.17161742
14209,0.11869756,0.19619568
14210,0.091716036,0.048218884
14211,0.08604499,0.19153826
14212,0.12851094,0.19245283
14213,0.030919556,0.025953963
14214,0.11818329,0.1159897
14215,0.14949031,0.21057527
14216,0.15702823,0.23975714
14217,0.058105376,0.03398532
14218,0.034272872,0.0261461
14219,0.07915519,0.11029474
14220,0.06257881,0.03817392
14221,0.024079071,0.010467663
14222,0.083473645,0.07065289
14223,0.04718596,0.030449986
14224,0.072871245,0.03751297
14225,0.014751777,0.010675172
14226,0.018760258,0.010275525
14227,0.036914665,0.010552204
14228,0.10908847,0.17941052
14229,0.032779377,0.068085924
14230,0.12085327,0.087145984
14231,0.23628908,0.3384775
14232,0.01608324,0.025792569
14233,0.14914511,0.13896938
14234,0.02896815,0.0062329476
14235,0.02178247,0.02981209
14236,0.10517862,0.125489
14237,0.022099486,0.011436038
14238,0.030510958,0.019521194
14239,0.018344617,0.016270222
14240,0.051229667,0.04723514
14241,0.054103937,0.05873266
14242,0.056323044,0.05719556
14243,0.07169476,0.03124928
14244,0.0036844218,0.00035353343
14245,0.046157423,0.043269414
14246,0.040500462,0.017999463
14247,0.019528141,0.005533566
14248,0.06791876,0.16225646
14249,0.1544287,0.4105599
14250,0.069884256,0.092671864
14251,0.069285445,0.055120472
14252,0.12462927,0.18808746
14253,0.040782254,0.055466317
14254,0.08481215,0.11572071
14255,0.10125468,0.06675633
14256,0.10908143,0.07844599
14257,0.29354206,0.48892903
14258,0.17379482,0.15317988
14259,0.038809713,0.030680552
14260,0.018992737,0.0062636896
14261,0.047679096,0.04079468
14262,0.0989299,0.08015986
14263,0.019499961,0.020927642
14264,0.0139909405,0.008746109
14265,0.08395269,0.12386735
14266,0.026805403,0.013995312
14267,0.21399234,0.47792336
14268,0.091730125,0.09772893
14269,0.06491768,0.06472736
14270,0.11685183,0.09243362
14271,0.036604695,0.0146946935
14272,0.053505134,0.042808283
14273,0.02391704,0.010544518
14274,0.07332915,0.058087077
14275,0.03361771,0.049379393
14276,0.07557644,0.105076276
14277,0.07467471,0.08832955
14278,0.097457536,0.10888829
14279,0.16651051,0.37102562
14280,0.035569113,0.010967221
14281,0.02097232,0.010659801
14282,0.06398777,0.06993813
14283,0.057429075,0.053037696
14284,0.06596031,0.06981517
14285,0.05045474,0.031994775
14286,0.11535129,0.1378396
14287,0.06783422,0.055358723
14288,0.023261875,0.018130116
14289,0.033575438,0.028690005
14290,0.047855217,0.032955464
14291,0.07945107,0.077323906
14292,0.059605915,0.053145293
14293,0.06911638,0.069738306
14294,0.034582842,0.022464743
14295,0.011426639,0.0059562693
14296,0.120014936,0.16325559
14297,0.1328787,0.16769011
14298,0.12874343,0.0583407
14299,0.05023635,0.028428698
14300,0.042430732,0.033616416
14301,0.01662569,0.01404911
14302,0.029862838,0.012542751
14303,0.07829572,0.08775314
14304,0.13339297,0.13824694
14305,0.060951468,0.074518695
14306,0.17208998,0.2794528
14307,0.13153316,0.102294125
14308,0.010686937,0.012696461
14309,0.07431542,0.064204745
14310,0.120430574,0.054544058
14311,0.0044523035,0.0027975254
14312,0.10348787,0.10811974
14313,0.021387963,0.02960458
14314,0.11556967,0.06940783
14315,0.029165404,0.007900703
14316,0.06549536,0.04930254
14317,0.09680942,0.10168697
14318,0.06799625,0.062006686
14319,0.112779945,0.08624678
14320,0.026664507,0.02334089
14321,0.04482596,0.026000077
14322,0.042008046,0.048756868
14323,0.14208624,0.14524843
14324,0.12009947,0.11088652
14325,0.10050793,0.12600392
14326,0.091828756,0.051592823
14327,0.15237163,0.19919302
14328,0.056217372,0.012681089
14329,0.028073464,0.03018868
14330,0.10253683,0.15631557
14331,0.12785578,0.14109057
14332,0.07803507,0.05149291
14333,0.113547824,0.24749644
14334,0.03096887,0.0062175766
14335,0.22797625,0.18910964
14336,0.06956019,0.030380817
14337,0.037485294,0.054167468
14338,0.28324258,0.26299044
14339,0.116788425,0.11689659
14340,0.077112205,0.13966875
14341,0.046368767,0.032209966
14342,0.13833842,0.115459405
14343,0.0025854355,0.0009530031
14344,0.109694324,0.066956155
14345,0.037499383,0.05238443
14346,0.03415311,0.033724014
14347,0.08465716,0.022287976
14348,0.13126546,0.1301003
14349,0.09814793,0.12568113
14350,0.16545379,0.1686508
14351,0.056027167,0.05140837
14352,0.14003621,0.2284825
14353,0.060169496,0.061922144
14354,0.14328386,0.1624025
14355,0.05295564,0.039226837
14356,0.06371302,0.05963955
14357,0.07965537,0.12259924
14358,0.030877287,0.0067555625
14359,0.080620505,0.09623794
14360,0.08064868,0.019551935
14361,0.046544887,0.055197325
14362,0.09412535,0.08495562
14363,0.093596995,0.090719745
14364,0.028749762,0.042170387
14365,0.07817596,0.10652884
14366,0.036435623,0.030027283
14367,0.11463272,0.0926027
14368,0.16480567,0.11766514
14369,0.114400245,0.19354418
14370,0.041775566,0.025100872
14371,0.03639335,0.02115052
14372,0.07573847,0.05857895
14373,0.13098367,0.13857742
14374,0.048545603,0.05365254
14375,0.05195528,0.022825962
14376,0.052842923,0.043430813
14377,0.13801436,0.11734235
14378,0.0355832,0.023217922
14379,0.053448774,0.13216001
14380,0.047193006,0.03281712
14381,0.004917259,0.005994697
14382,0.10774292,0.084824964
14383,0.002247286,0.00021519425
14384,0.5380806,0.5644468
14385,0.024839908,0.01926757
14386,0.014103657,0.03184875
14387,0.08503758,0.09342505
14388,0.2861239,0.3527879
14389,0.020246709,0.026153786
14390,0.01820372,0.00015371018
14391,0.086362004,0.12005533
14392,0.15447801,0.26079237
14393,0.004325497,0.0029358645
14394,0.018802527,0.003965723
14395,0.06344532,0.03612958
14396,0.0872426,0.04854936
14397,0.15488662,0.21752296
14398,0.039190132,0.02573877
14399,0.048559695,0.019190716
14400,0.11010292,0.16520001
14401,0.06871482,0.08500173
14402,0.078352086,0.06379741
14403,0.094850965,0.061530184
14404,0.018154407,0.010536833
14405,0.13490057,0.11847212
14406,0.0951398,0.0614149
14407,0.09599927,0.09974253
14408,0.05023635,0.024793452
14409,0.04116267,0.023064213
14410,0.053934865,0.04413019
14411,0.047143694,0.013580294
14412,0.16789833,0.11027937
14413,0.09741527,0.08304961
14414,0.039056282,0.042485494
14415,0.054456178,0.07115244
14416,0.07303327,0.11007186
14417,0.22515833,0.1623948
14418,0.043903094,0.04490643
14419,0.046277184,0.015578527
14420,0.04487527,0.015301849
14421,0.051743936,0.037228607
14422,0.0338995,0.05774123
14423,0.112533376,0.12877071
14424,0.065171294,0.021311916
14425,0.20444667,0.24003382
14426,0.04576996,0.0108596245
14427,0.03349795,0.0085232295
14428,0.06987017,0.10167928
14429,0.037506428,0.029558467
14430,0.028799076,0.004119433
14431,0.014103657,0.0059562693
14432,0.028637046,0.010244783
14433,0.03199741,0.011067132
14434,0.013117387,0.005741075
14435,0.15082178,0.16509242
14436,0.060578097,0.04843408
14437,0.17995195,0.20594859
14438,0.14560159,0.14975214
14439,0.09395628,0.21793798
14440,0.0384927,0.0099911615
14441,0.04202918,0.041194327
14442,0.033314783,0.01858356
14443,0.09667557,0.16772854
14444,0.13116683,0.1785805
14445,0.037738908,0.027821543
14446,0.057203643,0.03236368
14447,0.14894082,0.119379014
14448,0.09192738,0.078007914
14449,0.08213513,0.103147216
14450,0.016576376,0.0197825
14451,0.01139846,0.010736656
14452,0.13411859,0.08379511
14453,0.032694843,0.038481344
14454,0.08181812,0.09895093
14455,0.006121917,0.0014679322
14456,0.06263517,0.03563002
14457,0.06123326,0.04006456
14458,0.08498827,0.068101294
14459,0.036456756,0.047381163
14460,0.08045143,0.08494793
14461,0.10620716,0.0871383
14462,0.013631657,0.01692349
14463,0.07841549,0.092756405
14464,0.26854715,0.27951428
14465,0.06546717,0.07316604
14466,0.08641132,0.15981248
14467,0.08695377,0.07563309
14468,0.10726388,0.06647965
14469,0.064269565,0.09107328
14470,0.1805719,0.16267148
14471,0.034089707,0.039833993
14472,0.085735016,0.043031164
14473,0.048073605,0.06744034
14474,0.04602357,0.091980174
14475,0.11333648,0.15919763
14476,0.018682767,0.0066018524
14477,0.0581406,0.02717596
14478,0.07617524,0.069277175
14479,0.049327575,0.061115168
14480,0.00846783,0.0022287976
14481,0.05242728,0.022503171
14482,0.036569472,0.043161817
14483,0.056449853,0.020750875
14484,0.03466738,0.017407678
14485,0.071138225,0.084479116
14486,0.021423187,0.01131307
14487,0.0024093161,0.0009222611
14488,0.03573819,0.01630865
14489,0.069299534,0.036014296
14490,0.17669727,0.1806479
14491,0.056590747,0.019052377
14492,0.19585907,0.17861123
14493,0.023740921,0.009199554
14494,0.06295923,0.02808285
14495,0.06681273,0.07031472
14496,0.040451147,0.055466317
14497,0.0941324,0.10772778
14498,0.061980005,0.027783114
14499,0.10323426,0.08108212
14500,0.08307209,0.07626331
14501,0.044410318,0.04429159
14502,0.03403335,0.008423318
14503,0.08575615,0.087184414
14504,0.043670613,0.044791147
14505,0.043008406,0.02643815
14506,0.030581405,0.020428082
14507,0.046157423,0.082473196
14508,0.09177944,0.041271184
14509,0.041486733,0.035076663
14510,0.034582842,0.008500173
14511,0.034970306,0.004741959
14512,0.018253034,0.022549283
14513,0.08590409,0.1496676
14514,0.03630177,0.013026938
14515,0.11009588,0.15013641
14516,0.08737645,0.10168697
14517,0.09148356,0.13564923
14518,0.06929249,0.045098566
14519,0.10347378,0.1354571
14520,0.064037085,0.23349345
14521,0.16276269,0.20369673
14522,0.06919386,0.14152865
14523,0.07099733,0.040610228
14524,0.01951405,0.0031971717
14525,0.028799076,0.03540714
14526,0.11087785,0.14406486
14527,0.110744,0.12479729
14528,0.037605055,0.03910387
14529,0.027826896,0.01502517
14530,0.060578097,0.026184529
14531,0.103431515,0.08449449
14532,0.10403032,0.06678707
14533,0.12516467,0.2703224
14534,0.1361193,0.13027707
14535,0.09902148,0.10127964
14536,0.017886706,0.037051838
14537,0.13093434,0.18683472
14538,0.10927869,0.117350034
14539,0.048418798,0.038389117
14540,0.18263602,0.29077354
14541,0.042022135,0.03734389
14542,0.019478828,0.013557238
14543,0.06584759,0.061061367
14544,0.021789515,0.019959267
14545,0.0686162,0.049825154
14546,0.045044348,0.032209966
14547,0.054110985,0.03611421
14548,0.11001839,0.1437344
14549,0.18996964,0.13397379
14550,0.08119818,0.06292126
14551,0.10887713,0.08354148
14552,0.07508331,0.09027399
14553,0.029327435,0.0273143
14554,0.021571128,0.00604081
14555,0.08314958,0.11001038
14556,0.066777505,0.026568804
14557,0.07367435,0.10594474
14558,0.01805578,0.01321139
14559,0.025396446,0.005933213
14560,0.23045601,0.6649963
14561,0.13340707,0.085639626
14562,0.075245336,0.07314299
14563,0.01989447,0.0062636896
14564,0.065896906,0.038204666
14565,0.07895794,0.062613845
14566,0.2014456,0.2624217
14567,0.04875695,0.021834532
14568,0.05257522,0.0347385
14569,0.19211125,0.24732736
14570,0.047989067,0.046758637
14571,0.02734785,0.035207316
14572,0.16471408,0.22149637
14573,0.020098768,0.0036583024
14574,0.06372711,0.013311301
14575,0.018013513,0.008277293
14576,0.039521236,0.009622257
14577,0.04432578,0.025592744
14578,0.07578074,0.08035968
14579,0.024924444,0.0070168697
14580,0.010376967,0.0131960185
14581,0.18815209,0.2000538
14582,0.016956795,0.024747338
14583,0.022895547,0.012096991
14584,0.03199741,0.0283211
14585,0.018098049,0.010436921
14586,0.055808775,0.07019944
14587,0.13907813,0.22934328
14588,0.036527205,0.020497253
14589,0.052096177,0.044599008
14590,0.07239924,0.08653115
14591,0.07804211,0.17154056
14592,0.025896626,0.024071014
14593,0.0879189,0.34819198
14594,0.067517206,0.13166814
14595,0.09282207,0.059232216
14596,0.026016386,0.026015447
14597,0.09139198,0.12613457
14598,0.032934364,0.013019253
14599,0.13428767,0.16261
14600,0.07348414,0.007639396
14601,0.06403004,0.03260193
14602,0.048693545,0.04087154
14603,0.06960951,0.033239827
14604,0.08580547,0.12956999
14605,0.14908876,0.1531184
14606,0.065530576,0.037059523
14607,0.012476312,0.017638244
14608,0.054590028,0.0423241
14609,0.0840795,0.04546747
14610,0.052244116,0.06511932
14611,0.07906361,0.08751489
14612,0.079352446,0.12127733
14613,0.07096915,0.039242208
14614,0.090722725,0.08155862
14615,0.1599025,0.22070476
14616,0.092216216,0.11356877
14617,0.027770538,0.014002997
14618,0.10572107,0.16206433
14619,0.05706275,0.08935941
14620,0.121402755,0.1834531
14621,0.15878943,0.13740154
14622,0.060831707,0.15988933
14623,0.06257177,0.011843369
14624,0.027059015,0.020105291
14625,0.16212161,0.27909926
14626,0.16127624,0.14014526
14627,0.09190625,0.13685586
14628,0.033138663,0.008892134
14629,0.12945494,0.13632555
14630,0.09564703,0.30735886
14631,0.18739828,0.18213119
14632,0.13547823,0.09145755
14633,0.09074386,0.05562003
14634,0.12605232,0.18026361
14635,0.041120403,0.0283211
14636,0.003938034,0.0028897515
14637,0.034139022,0.02770626
14638,0.038866073,0.011966337
14639,0.07132139,0.07279714
14640,0.19545048,0.2037121
14641,0.052434325,0.02392499
14642,0.13514712,0.102309495
14643,0.04288864,0.08604696
14644,0.04359312,0.026568804
14645,0.10971546,0.061860662
14646,0.072540134,0.055181954
14647,0.068905026,0.050562963
14648,0.025579609,0.015309534
14649,0.041557178,0.04824194
14650,0.014174105,0.009968105
14651,0.036076337,0.0140644815
14652,0.24441172,0.29035854
14653,0.048489247,0.035706874
14654,0.038626548,0.035122775
14655,0.037830487,0.037005726
14656,0.41612127,0.5232525
14657,0.07034217,0.06517312
14658,0.02684767,0.019321369
14659,0.103079274,0.124989435
14660,0.096210614,0.068570115
14661,0.08663675,0.11761903
14662,0.05692185,0.041386466
14663,0.04690417,0.03011951
14664,0.085361645,0.072113134
14665,0.08444582,0.06239096
14666,0.121536605,0.080828495
14667,0.06543195,0.11684279
14668,0.022430591,0.039365176
14669,0.018485513,0.0064097145
14670,0.24670129,0.21547092
14671,0.11498496,0.14325789
14672,0.034611024,0.020620221
14673,0.082586,0.04514468
14674,0.09830291,0.059993085
14675,0.009883831,0.023294779
14676,0.10934913,0.15088959
14677,0.056400537,0.043169502
14678,0.026389759,0.013649464
14679,0.048045427,0.02876686
14680,0.047841124,0.024747338
14681,0.015125151,0.013065365
14682,0.06782718,0.08506321
14683,0.1802901,0.0968989
14684,0.11433684,0.18694232
14685,0.09039866,0.12432079
14686,0.03260326,0.014617838
14687,0.16389689,0.22923568
14688,0.12599595,0.17479153
14689,0.052159578,0.065127
14690,0.04855265,0.019113861
14691,0.10263545,0.07738539
14692,0.08146588,0.031994775
14693,0.06677046,0.060116053
14694,0.019964917,0.0039042386
14695,0.15330859,0.09542328
14696,0.038253177,0.019006263
14697,0.06381869,0.045321446
14698,0.13258988,0.22267225
14699,0.088841766,0.07796949
14700,0.14508027,0.15115091
14701,0.046220824,0.043592207
14702,0.13499919,0.17948738
14703,0.14202988,0.15254967
14704,0.020274887,0.014848404
14705,0.10790495,0.08035199
14706,0.06824987,0.056742113
14707,0.05487182,0.056995735
14708,0.06631255,0.051008724
14709,0.034012217,0.050109517
14710,0.11770424,0.15426354
14711,0.055766508,0.014848404
14712,0.07720379,0.05057065
14713,0.019654946,0.009284095
14714,0.07021536,0.051938668
14715,0.027840985,0.007093725
14716,0.05750657,0.10376974
14717,0.16717272,0.1507897
14718,0.17533058,0.18512854
14719,0.045438856,0.035361025
14720,0.1779442,0.25527418
14721,0.031243615,0.011605118
14722,0.12038831,0.14132883
14723,0.11432979,0.09858202
14724,0.08451627,0.11993237
14725,0.08759484,0.05224609
14726,0.017865572,0.0010529148
14727,0.022980085,0.013403527
14728,0.021817695,0.020820044
14729,0.023924086,0.005226146
14730,0.1606422,0.09330208
14731,0.06274789,0.0337317
14732,0.03144087,0.047926836
14733,0.035245053,0.027052991
14734,0.036886487,0.06569573
14735,0.051673487,0.01042155
14736,0.03425174,0.011366867
14737,0.052920416,0.06704838
14738,0.08890517,0.051754218
14739,0.14961007,0.08176613
14740,0.28171384,0.28630057
14741,0.06310717,0.020405026
14742,0.13857794,0.12712601
14743,0.07611889,0.04740422
14744,0.0581406,0.041232757
14745,0.047369126,0.038258463
14746,0.048651278,0.034115974
14747,0.049355753,0.04028744
14748,0.0628747,0.0747262
14749,0.033822007,0.0070476118
14750,0.043607213,0.02038197
14751,0.20807473,0.22443223
14752,0.12469972,0.09244899
14753,0.036590606,0.015317219
14754,0.02753806,0.058755714
14755,0.02278283,0.028251931
14756,0.05716842,0.035330284
14757,0.13521758,0.122499324
14758,0.025664147,0.028367214
14759,0.044487808,0.03554548
14760,0.04270548,0.050232485
14761,0.065276965,0.07029935
14762,0.04176852,0.024094071
14763,0.10910961,0.16233332
14764,0.170519,0.25936288
14765,0.038725175,0.03453868
14766,0.2915695,0.28948238
14767,0.05201164,0.09065826
14768,0.10227617,0.06290589
14769,0.040592045,0.056634516
14770,0.096936226,0.093655616
14771,0.01577327,0.021696191
14772,0.08090934,0.09778273
14773,0.15785952,0.41003728
14774,0.011363236,0.005533566
14775,0.10258614,0.20144488
14776,0.028566597,0.016608385
14777,0.059070513,0.08665411
14778,0.07442814,0.09606886
14779,0.20245299,0.22325635
14780,0.103332885,0.10380817
14781,0.27686703,0.23995696
14782,0.04812996,0.017484533
14783,0.19331591,0.27820775
14784,0.10301587,0.068124354
14785,0.07459017,0.07471083
14786,0.035900217,0.10323176
14787,0.060465377,0.034830727
14788,0.065657385,0.04312339
14789,0.05349104,0.095192716
14790,0.079732865,0.03448488
14791,0.11621075,0.2087461
14792,0.014145926,0.005387542
14793,0.018450288,0.014610153
14794,0.12443201,0.18352996
14795,0.07363208,0.04553664
14796,0.08484033,0.13631788
14797,0.027594417,0.012481267
14798,0.03423765,0.042570036
14799,0.03766846,0.022603082
14800,0.051814385,0.03274027
14801,0.13210379,0.051515967
14802,0.037696637,0.03042693
14803,0.12626366,0.147385
14804,0.04534023,0.043761287
14805,0.047425482,0.025062446
14806,0.11724634,0.16142642
14807,0.058499884,0.055043615
14808,0.21936047,0.19143835
14809,0.025389401,0.0064788843
14810,0.10760907,0.14735426
14811,0.10989158,0.0871383
14812,0.014610881,0.014502555
14813,0.086862184,0.103831224
14814,0.045276824,0.03333974
14815,0.016710227,0.03598355
14816,0.14905353,0.2116128
14817,0.05912687,0.010944164
14818,0.078147784,0.10336241
14819,0.2486386,0.31468317
14820,0.018887065,0.012558121
14821,0.04699575,0.083303235
14822,0.038556103,0.013272874
14823,0.0727233,0.03390078
14824,0.094963685,0.09465473
14825,0.09717575,0.07542559
14826,0.11159642,0.07640164
14827,0.102191634,0.21288091
14828,0.044572346,0.034677017
14829,0.055829912,0.04839565
14830,0.06183911,0.07699343
14831,0.16609487,0.09533105
14832,0.13790868,0.18963225
14833,0.080698,0.050970297
14834,0.14172696,0.122568496
14835,0.10042339,0.051923297
14836,0.14865199,0.22417092
14837,0.08553072,0.075756066
14838,0.20293204,0.2977059
14839,0.12183953,0.13042308
14840,0.059570692,0.02897437
14841,0.03776004,0.014533297
14842,0.027340805,0.025623487
14843,0.08852475,0.10933405
14844,0.13892314,0.2678784
14845,0.9453677,0.9894478
14846,0.01727381,0.017399993
14847,0.14069842,0.26840872
14848,0.09725324,0.054305807
14849,0.11509063,0.105545096
14850,0.18091005,0.1516812
14851,0.11918365,0.17924143
14852,0.076386586,0.10330861
14853,0.111180775,0.20733966
14854,0.02752397,0.00927641
14855,0.1181692,0.019621104
14856,0.054139163,0.044675864
14857,0.02980648,0.010321639
14858,0.07324462,0.1043769
14859,0.14523526,0.15020558
14860,0.008228308,0.012450525
14861,0.052687936,0.016539216
14862,0.18523555,0.23604503
14863,0.014822225,0.007093725
14864,0.041226074,0.00883065
14865,0.113914154,0.15122007
14866,0.12970856,0.10773546
14867,0.09166673,0.09420897
14868,0.02999669,0.027560236
14869,0.05006728,0.03215617
14870,0.03373747,0.01079814
14871,0.13561913,0.1776736
14872,0.057203643,0.026937708
14873,0.009834518,0.0071936366
14874,0.02213471,0.024462976
14875,0.0359918,0.017392308
14876,0.040303208,0.02113515
14877,0.08795413,0.06389732
14878,0.23743035,0.23538408
14879,0.008996189,0.011243899
14880,0.03907037,0.020282058
14881,0.11476657,0.107066825
14882,0.010271295,0.0078007914
14883,0.11375212,0.13692503
14884,0.0038534966,0.00049187255
14885,0.107193425,0.104745805
14886,0.1148652,0.23599124
14887,0.16275564,0.10754333
14888,0.081973106,0.14899127
14889,0.048827395,0.034100603
14890,0.09111723,0.12990047
14891,0.060155407,0.0631672
14892,0.039591685,0.019275257
14893,0.15461892,0.17682819
14894,0.02426928,0.034300428
14895,0.30240437,0.36009684
14896,0.020591903,0.026030818
14897,0.047298677,0.031479843
14898,0.034420814,0.060192905
14899,0.05900711,0.030280905
14900,0.016188912,0.0033893094
14901,0.020549634,0.011320755
14902,0.15711981,0.23683664
14903,0.15655623,0.3672213
14904,0.2093428,0.19573455
14905,0.01857005,0.019190716
14906,0.067658104,0.07007647
14907,0.13772552,0.12445913
14908,0.023113936,0.008100526
14909,0.21808536,0.17885716
14910,0.07843662,0.032302193
14911,0.05113104,0.05041694
14912,0.03338523,0.023640625
14913,0.020359425,0.01449487
14914,0.0016132555,0.0004995581
14915,0.14119156,0.10242478
14916,0.066058934,0.06907736
14917,0.037295084,0.046927717
14918,0.040965416,0.019621104
14919,0.06173344,0.05156208
14920,0.052194804,0.09049687
14921,0.04576996,0.01730008
14922,0.11792968,0.08693848
14923,0.15633784,0.12973908
14924,0.044628706,0.044283904
14925,0.056527343,0.062321793
14926,0.051462144,0.071313836
14927,0.067284726,0.089597665
14928,0.046763275,0.008661568
14929,0.01253267,0.0031356877
14930,0.048742857,0.027698575
14931,0.038295444,0.023194866
14932,0.028397523,0.044022594
14933,0.059281856,0.1208162
14934,0.11413254,0.16334012
14935,0.19826135,0.28430235
14936,0.09665443,0.06767859
14937,0.09080726,0.07972947
14938,0.052673846,0.055028245
14939,0.11756335,0.068493254
14940,0.07553417,0.07826154
14941,0.03820386,0.030180994
14942,0.021613397,0.005495139
14943,0.15649283,0.28520924
14944,0.06457249,0.06001614
14945,0.053329013,0.039880104
14946,0.07105369,0.086415865
14947,0.0712439,0.073727086
14948,0.06571374,0.02038197
14949,0.05314585,0.035276487
14950,0.10876442,0.11681974
14951,0.0719836,0.077254735
14952,0.0038253176,0.0013987627
14953,0.026594058,0.071329206
14954,0.10036703,0.066917725
14955,0.03873222,0.010483034
14956,0.011905684,0.004257772
14957,0.107538626,0.10954925
14958,0.019035006,0.01721554
14959,0.045868587,0.03958037
14960,0.16529176,0.12808669
14961,0.1258128,0.14285055
14962,0.04720005,0.02287976
14963,0.05256113,0.03658302
14964,0.14540434,0.1962879
14965,0.035836816,0.021396456
14966,0.097816825,0.0828959
14967,0.044410318,0.020604849
14968,0.041197896,0.03162587
14969,0.069130465,0.12466664
14970,0.06889094,0.058333013
14971,0.00293063,0.0007685509
14972,0.05927481,0.039027013
14973,0.13032849,0.12162318
14974,0.095956996,0.13358183
14975,0.06909524,0.10154863
14976,0.045037303,0.033431966
14977,0.03854201,0.04220113
14978,0.08577728,0.09503132
14979,0.15325926,0.2571725
14980,0.02083847,0.015194251
14981,0.10512226,0.07061446
14982,0.06779195,0.1264958
14983,0.06591804,0.06650271
14984,0.010419235,0.0045728777
14985,0.11183594,0.16808209
14986,0.07203291,0.11640472
14987,0.0846783,0.14146717
14988,0.012962402,0.0029204935
14989,0.11508358,0.1503593
14990,0.104833424,0.15871345
14991,0.23595095,0.19854744
14992,0.22669409,0.24830343
14993,0.055308595,0.047873035
14994,0.0055653793,0.0016139569
14995,0.043395866,0.06589556
14996,0.10512226,0.11713484
14997,0.057999704,0.06314414
14998,0.050574504,0.039249893
14999,0.12481948,0.17038773
15000,0.051356472,0.028713062
15001,0.07101142,0.06392038
15002,0.08839794,0.100726284
15003,0.088369764,0.15159667
15004,0.070652135,0.06307497
15005,0.026587013,0.008945933
15006,0.09286434,0.08301887
15007,0.058091287,0.042108905
15008,0.013293507,0.011827998
15009,0.066890225,0.074856855
15010,0.12913793,0.15324137
15011,0.011046221,0.021035237
15012,0.080240086,0.08745341
15013,0.020810291,0.0027975254
15014,0.021874053,0.009168812
15015,0.174295,0.117419206
15016,0.07926086,0.09487761
15017,0.0095386375,0.013065365
15018,0.04836244,0.025992392
15019,0.031624034,0.015663067
15020,0.02864409,0.044260845
15021,0.0982536,0.08132037
15022,0.0057767224,0.01291934
15023,0.047672052,0.059309073
15024,0.03678786,0.04692003
15025,0.11356191,0.07411905
15026,0.048263814,0.029135764
15027,0.16480567,0.1765515
15028,0.04799611,0.064542904
15029,0.024480624,0.008961303
15030,0.14610177,0.14432618
15031,0.13071597,0.14692387
15032,0.10507999,0.072505094
15033,0.141734,0.082019754
15034,0.0973096,0.065342195
15035,0.060465377,0.02371748
15036,0.039169,0.010928794
15037,0.030010778,0.011374554
15038,0.035216875,0.042792913
15039,0.03580159,0.0128348
15040,0.03996506,0.027252816
15041,0.05785881,0.063828155
15042,0.03388541,0.038220037
15043,0.10566471,0.11561311
15044,0.13684492,0.08835261
15045,0.24379882,0.23885794
15046,0.0950764,0.068931326
15047,0.12786283,0.095169656
15048,0.14817998,0.14392653
15049,0.18347435,0.14730047
15050,0.042994317,0.027813857
15051,0.03640744,0.049448565
15052,0.074244976,0.08613919
15053,0.071398884,0.11149368
15054,0.0613812,0.03634477
15055,0.020500321,0.0047496445
15056,0.047848172,0.0556354
15057,0.122036785,0.24231641
15058,0.10710889,0.09688353
15059,0.033589527,0.033055373
15060,0.058309674,0.089636095
15061,0.0736673,0.06593398
15062,0.19436558,0.10971064
15063,0.09988094,0.14286593
15064,0.10140966,0.07644007
15065,0.13320278,0.12403643
15066,0.17796533,0.14922184
15067,0.06217726,0.033462707
15068,0.069278404,0.0455059
15069,0.09154697,0.09699881
15070,0.044995032,0.038542826
15071,0.08813024,0.10201745
15072,0.032539856,0.05325289
15073,0.038626548,0.036652192
15074,0.02918654,0.009007417
15075,0.07297692,0.06720977
15076,0.022000859,0.014617838
15077,0.035710007,0.022549283
15078,0.11010997,0.13240595
15079,0.021930411,0.009722169
15080,0.05572424,0.047857665
15081,0.08326934,0.08068247
15082,0.04562202,0.06306729
15083,0.04995456,0.08434077
15084,0.18229787,0.18537448
15085,0.12268491,0.14628598
15086,0.08256487,0.06366675
15087,0.0005494931,2.3056527e-05
15088,0.045805182,0.032624986
15089,0.061310753,0.026315182
15090,0.07518193,0.08922876
15091,0.032645527,0.025800254
15092,0.10028954,0.09420128
15093,0.04128948,0.032863237
15094,0.08343842,0.099658
15095,0.14019825,0.06517312
15096,0.026572924,0.018437536
15097,0.038295444,0.053798564
15098,0.17972653,0.17521423
15099,0.14190307,0.085255355
15100,0.048446976,0.017277025
15101,0.17700723,0.1324367
15102,0.099578016,0.10775083
15103,0.02378319,0.035191946
15104,0.11711249,0.12183069
15105,0.08566457,0.1325904
15106,0.1011631,0.077715866
15107,0.10903212,0.046297505
15108,0.024804683,0.023248665
15109,0.06313535,0.04406871
15110,0.015956435,0.0007531799
15111,0.020507365,0.023125697
15112,0.10546745,0.08577028
15113,0.09556249,0.08862929
15114,0.02541758,0.013334358
15115,0.10560835,0.17227069
15116,0.07268808,0.055235755
15117,0.07680928,0.16281751
15118,0.005184961,0.0012296814
15119,0.053279698,0.034607846
15120,0.044938676,0.037805017
15121,0.03125066,0.0065557393
15122,0.14010666,0.21523269
15123,0.048601963,0.020312801
15124,0.16987087,0.13669446
15125,0.017414706,0.0056104218
15126,0.05061677,0.105498984
15127,0.18775758,0.26055413
15128,0.1687437,0.18888675
15129,0.007580187,0.0009453176
15130,0.15385808,0.14573263
15131,0.113900065,0.07184414
15132,0.016372077,0.05379088
15133,0.095816106,0.08626984
15134,0.23261876,0.31887946
15135,0.098972164,0.08980517
15136,0.049193725,0.039711025
15137,0.05338537,0.048680015
15138,0.07471698,0.1484456
15139,0.10984931,0.10292434
15140,0.17249857,0.3547554
15141,0.11251929,0.11321523
15142,0.09523843,0.10393114
15143,0.18236831,0.2873535
15144,0.191442,0.090020366
15145,0.03725986,0.026837798
15146,0.06167708,0.057510663
15147,0.067284726,0.028052108
15148,0.046664648,0.072512776
15149,0.052709073,0.032110058
15150,0.17888115,0.13482688
15151,0.13502736,0.18844868
15152,0.16956794,0.20024593
15153,0.08981395,0.07258195
15154,0.090624094,0.08253468
15155,0.022529218,0.01880644
15156,0.054364596,0.038596626
15157,0.04326906,0.076901205
15158,0.08147997,0.09269492
15159,0.064170934,0.03934212
15160,0.044987988,0.056742113
15161,0.08606612,0.08221958
15162,0.025734594,0.0034507934
15163,0.028947016,0.028198132
15164,0.13130067,0.08219652
15165,0.1799449,0.14944473
15166,0.0117154755,0.0009068901
15167,0.08977168,0.060400415
15168,0.024706056,0.011090189
15169,0.06779195,0.14614764
15170,0.008418516,0.010951851
15171,0.06620688,0.1484456
15172,0.12187476,0.058894057
15173,0.035836816,0.042654574
15174,0.07567506,0.0674634
15175,0.05952842,0.04966376
15176,0.1274965,0.18990892
15177,0.01368097,0.005387542
15178,0.028475016,0.012412097
15179,0.16461547,0.18678093
15180,0.082748026,0.108696155
15181,0.09511162,0.14811513
15182,0.2226856,0.2857011
15183,0.070384435,0.117741995
15184,0.115773976,0.2607232
15185,0.19833179,0.27099106
15186,0.052532952,0.020120662
15187,0.07803507,0.07142144
15188,0.10989158,0.1032625
15189,0.024924444,0.0027744686
15190,0.012934223,0.0059870114
15191,0.14156494,0.13262883
15192,0.11643618,0.09172655
15193,0.10087426,0.068477884
15194,0.024579251,0.07744687
15195,0.04607993,0.056803595
15196,0.015893033,0.007447258
15197,0.07053942,0.06279061
15198,0.056132838,0.041832224
15199,0.14211442,0.07378857
15200,0.018224856,0.014917573
15201,0.28359482,0.14853014
15202,0.048489247,0.018422166
15203,0.07699244,0.08095915
15204,0.028136866,0.027229758
15205,0.058013793,0.023233294
15206,0.04321975,0.039664913
15207,0.09448464,0.09192637
15208,0.09547795,0.09780579
15209,0.1753024,0.13681743
15210,0.047453664,0.02438612
15211,0.104333244,0.093655616
15212,0.051504415,0.03419283
15213,0.09106088,0.09133459
15214,0.02830594,0.008062099
15215,0.04269139,0.03836606
15216,0.01447703,0.007501057
15217,0.038866073,0.059139993
15218,0.121635236,0.07464935
15219,0.15342835,0.15266494
15220,0.044692107,0.045528956
15221,0.113104,0.1295162
15222,0.095210254,0.122929715
15223,0.12914498,0.074111365
15224,0.99995774,0.9999923
15225,0.052208893,0.07035315
15226,0.1671234,0.23689812
15227,0.18051554,0.16988817
15228,0.15333676,0.14527917
15229,0.098056346,0.050801214
15230,0.08829932,0.04047189
15231,0.007812665,0.012842486
15232,0.04077521,0.022487799
15233,0.0477425,0.07730085
15234,0.05087038,0.04522922
15235,0.18787734,0.18030204
15236,0.059648182,0.045444414
15237,0.05080698,0.063451566
15238,0.09817611,0.08421012
15239,0.28897,0.29163432
15240,0.0733362,0.025146985
15241,0.06900366,0.07322753
15242,0.005833081,0.0008838335
15243,0.026939252,0.032809436
15244,0.06308604,0.026069246
15245,0.06288174,0.10001153
15246,0.021366829,0.0027898399
15247,0.033364095,0.022695309
15248,0.09055365,0.10934942
15249,0.022543307,0.021634707
15250,0.06659434,0.09460861
15251,0.020091724,0.012512009
15252,0.05144101,0.0523998
15253,0.088003434,0.045713406
15254,0.12281171,0.11157054
15255,0.04214894,0.016093455
15256,0.09380834,0.041763056
15257,0.038971744,0.0111901015
15258,0.051018324,0.07537179
15259,0.027700089,0.013349729
15260,0.05418143,0.031379934
15261,0.036541294,0.051085576
15262,0.028425703,0.019551935
15263,0.05644281,0.023679053
15264,0.038119324,0.019690273
15265,0.10276226,0.08789148
15266,0.13154724,0.17015716
15267,0.029602181,0.010214041
15268,0.040197536,0.022956615
15269,0.07418862,0.13521884
15270,0.069412254,0.045651924
15271,0.0840795,0.06673327
15272,0.026361581,0.01848365
15273,0.07411113,0.07433424
15274,0.24751143,0.19731008
15275,0.04556566,0.027913768
15276,0.17722562,0.280352
15277,0.038175683,0.013042308
15278,0.0138782235,0.0050801216
15279,0.12641865,0.16884294
15280,0.15790178,0.15558544
15281,0.042860463,0.04870307
15282,0.080874115,0.05647312
15283,0.25085065,0.3025093
15284,0.033350006,0.038681168
15285,0.029461285,0.017230911
15286,0.048059516,0.064596705
15287,0.09217395,0.053368174
15288,0.01608324,0.005418284
15289,0.1310823,0.17057219
15290,0.030680032,0.03278638
15291,0.0219445,0.03294778
15292,0.08267758,0.090689
15293,0.0459179,0.022211121
15294,0.0336952,0.020989126
15295,0.06724246,0.03491527
15296,0.05790812,0.06558813
15297,0.33819893,0.2869385
15298,0.05316698,0.0571725
15299,0.035083022,0.044022594
15300,0.16360806,0.19116935
15301,0.040415924,0.013557238
15302,0.14015597,0.13325904
15303,0.16999768,0.18481344
15304,0.06730586,0.033086117
15305,0.03758392,0.008592399
15306,0.10903212,0.07708565
15307,0.05971863,0.053506512
15308,0.04956005,0.04687392
15309,0.110272,0.06301349
15310,0.08829932,0.06922338
15311,0.0848192,0.07029935
15312,0.14163537,0.09184183
15313,0.05146919,0.032094687
15314,0.068545744,0.07151366
15315,0.16512269,0.22860546
15316,0.088609286,0.055351034
15317,0.047002796,0.046251394
15318,0.03058845,0.016347077
15319,0.053519223,0.020566422
15320,0.048911933,0.024801137
15321,0.03976076,0.036429312
15322,0.10591128,0.05679591
15323,0.06411458,0.1092572
15324,0.03546344,0.029158821
15325,0.02101459,0.018621989
15326,0.118521444,0.1439342
15327,0.083346836,0.15899013
15328,0.042627987,0.01223533
15329,0.08145179,0.08885217
15330,0.14055048,0.12280675
15331,0.0230928,0.0108596245
15332,0.0477425,0.04306191
15333,0.032948453,0.02387119
15334,0.08864451,0.029466242
15335,0.057781316,0.06946932
15336,0.2293993,0.3029474
15337,0.045312047,0.034884524
15338,0.025861401,0.02520847
15339,0.0056217373,0.0009299466
15340,0.046981663,0.030680552
15341,0.12072646,0.10045729
15342,0.020387605,0.018560505
15343,0.1990715,0.17176344
15344,0.19785275,0.26529607
15345,0.03235669,0.039380547
15346,0.030905467,0.033493448
15347,0.048721723,0.03732083
15348,0.27603576,0.36041963
15349,0.08040211,0.013242132
15350,0.01592121,0.0140952235
15351,0.047622737,0.053706337
15352,0.09749276,0.0998655
15353,0.19066708,0.17450717
15354,0.121783175,0.113076895
15355,0.062684484,0.076808974
15356,0.030081226,0.016347077
15357,0.09194852,0.03316297
15358,0.057083882,0.02151174
15359,0.08388928,0.072505094
15360,0.14551705,0.28917497
15361,0.043071806,0.039572686
15362,0.026009342,0.026630288
15363,0.05896484,0.1560312
15364,0.022099486,0.025708027
15365,0.09279389,0.13596433
15366,0.031800155,0.06107674
15367,0.098718554,0.15762979
15368,0.1663837,0.1207624
15369,0.06882049,0.067278944
15370,0.11909207,0.097175576
15371,0.026298178,0.040833108
15372,0.11664753,0.07922991
15373,0.025762774,0.021603966
15374,0.06270562,0.028105907
15375,0.02865818,0.018744957
15376,0.048601963,0.03578373
15377,0.103551276,0.14616302
15378,0.024642654,0.02493179
15379,0.12260742,0.15679975
15380,0.08513621,0.10192522
15381,0.07750671,0.08713061
15382,0.080106236,0.1199708
15383,0.08662266,0.16348615
15384,0.035576157,0.06704838
15385,0.06930658,0.0347385
15386,0.014688374,0.015301849
15387,0.09837336,0.12671867
15388,0.120796904,0.09331745
15389,0.062261797,0.07578681
15390,0.11859189,0.15008262
15391,0.03773186,0.02643815
15392,0.20280524,0.26394343
15393,0.10042339,0.102709144
15394,0.17506288,0.15961266
15395,0.09063114,0.11326134
15396,0.039253533,0.04784998
15397,0.017104736,0.005587365
15398,0.039943922,0.054459516
15399,0.0812968,0.15791415
15400,0.10114901,0.06757099
15401,0.07955674,0.05207701
15402,0.02132456,0.0261999
15403,0.046157423,0.07985244
15404,0.054998625,0.010398494
15405,0.027580328,0.011366867
15406,0.1439672,0.12578104
15407,0.034639202,0.026230643
15408,0.13435811,0.10846559
15409,0.15351288,0.18815663
15410,0.07598504,0.053567998
15411,0.055153612,0.013710948
15412,0.124509506,0.16018906
15413,0.11967678,0.10339315
15414,0.08443878,0.062990434
15415,0.20488344,0.31018713
15416,0.113907106,0.17307766
15417,0.051877785,0.02558506
15418,0.04281115,0.021142835
15419,0.095463865,0.11525189
15420,0.03653425,0.049448565
15421,0.059986334,0.05269185
15422,0.0578729,0.045413673
15423,0.024797639,0.009945049
15424,0.11537242,0.13181417
15425,0.056710508,0.066579565
15426,0.06803852,0.05048611
15427,0.04350154,0.005756446
15428,0.1165489,0.33551088
15429,0.092589594,0.03611421
15430,0.04708029,0.027567921
15431,0.02362116,0.019159975
15432,0.04736208,0.113507286
15433,0.02552325,0.031087885
15434,0.059021197,0.029796718
15435,0.075146705,0.10134881
15436,0.05318107,0.013372785
15437,0.05006023,0.04764247
15438,0.06152914,0.054497942
15439,0.050722443,0.06920032
15440,0.06567852,0.0544672
15441,0.04681963,0.02961995
15442,0.038781535,0.048234254
15443,0.023113936,0.008254237
15444,0.028862478,0.023802022
15445,0.10004298,0.12448219
15446,0.11062424,0.13126849
15447,0.050947875,0.03333974
15448,0.13714081,0.0839027
15449,0.010214936,0.0015063598
15450,0.01932384,0.0129577685
15451,0.059549555,0.08374131
15452,0.11821852,0.17411521
15453,0.036090426,0.022518542
15454,0.06536855,0.071713485
15455,0.123283714,0.13980709
15456,0.035336636,0.0034969065
15457,0.17441475,0.17654383
15458,0.08034576,0.1087269
15459,0.031053407,0.0065019405
15460,0.069517925,0.037205547
15461,0.03419538,0.007562541
15462,0.013892313,0.015978172
15463,0.060077917,0.07539485
15464,0.027044924,0.056142643
15465,0.10198029,0.076094225
15466,0.14869425,0.24877992
15467,0.20668691,0.11930984
15468,0.07471698,0.020850785
15469,0.15105425,0.16423164
15470,0.10042339,0.0914883
15471,0.09090589,0.07620951
15472,0.11413959,0.112285286
15473,0.1328787,0.14747722
15474,0.06906001,0.11637398
15475,0.086333826,0.14659339
15476,0.18799005,0.24406871
15477,0.054287102,0.04748876
15478,0.06870073,0.0486877
15479,0.007791531,0.0062560043
15480,0.054970447,0.14099835
15481,0.07109596,0.061084427
15482,0.060831707,0.032402106
15483,0.060888067,0.03290935
15484,0.03866882,0.00544134
15485,0.104467094,0.131207
15486,0.07945107,0.07703186
15487,0.12181135,0.11452945
15488,0.0059035285,0.0018214657
15489,0.042726614,0.028812973
15490,0.07294169,0.10441533
15491,0.035392992,0.028966684
15492,0.061550274,0.105030164
15493,0.13656314,0.18744956
15494,0.1054745,0.08729201
15495,0.13034259,0.094424166
15496,0.033984035,0.01918303
15497,0.2221643,0.27434194
15498,0.17499243,0.14604004
15499,0.058175825,0.012850171
15500,0.018126229,0.011674288
15501,0.022092441,0.02928179
15502,0.0731319,0.076132655
15503,0.07492832,0.01374169
15504,0.002507943,2.3056527e-05
15505,0.17510514,0.30762786
15506,0.118542574,0.07306613
15507,0.11511881,0.118940935
15508,0.058330808,0.03788956
15509,0.26084015,0.23357031
15510,0.027270358,0.008361834
15511,0.03475192,0.037236292
15512,0.014322045,0.016862007
15513,0.06824987,0.053875417
15514,0.01592121,0.010552204
15515,0.008552368,0.0017753525
15516,0.015590106,0.010721285
15517,0.02344504,0.026561119
15518,0.040317297,0.06922338
15519,0.026333401,0.020558737
15520,0.07155387,0.09330977
15521,0.034815323,0.053245205
15522,0.049553007,0.047557928
15523,0.02362116,0.028152019
15524,0.14442511,0.26101527
15525,0.094231024,0.10940322
15526,0.044058077,0.040825423
15527,0.1125052,0.11994774
15528,0.107792236,0.060446527
15529,0.015660554,0.007869961
15530,0.029503554,0.036598396
15531,0.019711304,0.010413865
15532,0.014941987,0.0067094495
15533,0.050961964,0.04451447
15534,0.06646753,0.09012028
15535,0.18126933,0.24947931
15536,0.12765148,0.09457787
15537,0.048594918,0.030880375
15538,0.04911623,0.04937171
15539,0.0680667,0.050555278
15540,0.09381539,0.08034431
15541,0.089370124,0.093939975
15542,0.04849629,0.046405103
15543,0.08289597,0.037005726
15544,0.06844712,0.03470776
15545,0.124115,0.2373362
15546,0.071765214,0.08146639
15547,0.03739371,0.038642738
15548,0.086996034,0.102686085
15549,0.13883156,0.17028014
15550,0.11178663,0.13942282
15551,0.06333965,0.04901049
15552,0.09282207,0.06939246
15553,0.024424264,0.0059101563
15554,0.07149047,0.06809361
15555,0.030200988,0.0062406333
15556,0.23657088,0.22781385
15557,0.08077549,0.07730085
15558,0.09952871,0.04834185
15559,0.06663661,0.0513392
15560,0.11688001,0.17852668
15561,0.08233943,0.026545748
15562,0.05042656,0.055735312
15563,0.036935803,0.032094687
15564,0.04033843,0.025469776
15565,0.032765288,0.024501402
15566,0.13648564,0.39282173
15567,0.09754208,0.12716444
15568,0.0334909,0.022541597
15569,0.11032131,0.14543289
15570,0.063917324,0.07461092
15571,0.18435495,0.29210314
15572,0.12496037,0.123321675
15573,0.04407921,0.0469354
15574,0.12713017,0.15950505
15575,0.0555763,0.014517927
15576,0.10148715,0.12989278
15577,0.045502257,0.022180378
15578,0.19355543,0.27906853
15579,0.10753158,0.14654729
15580,0.1137169,0.18349153
15581,0.025509162,0.0144257005
15582,0.18910313,0.11873343
15583,0.039239444,0.08415633
15584,0.026720865,0.012665719
15585,0.14372768,0.17025708
15586,0.09130744,0.02953541
15587,0.085347556,0.04705837
15588,0.12638342,0.11389156
15589,0.028017106,0.010759712
15590,0.077513754,0.10998732
15591,0.007622456,0.018691158
15592,0.09923987,0.087660916
15593,0.012758103,0.007055297
15594,0.054484356,0.050163317
15595,0.026509522,0.019075433
15596,0.08645359,0.04625908
15597,0.047488887,0.030765092
15598,0.031877644,0.035706874
15599,0.098922856,0.09341736
15600,0.05264567,0.04139415
15601,0.056266688,0.032847866
15602,0.037203502,0.014840717
15603,0.07423793,0.07791569
15604,0.050151814,0.022157323
15605,0.16372077,0.15768358
15606,0.025248505,0.022687623
15607,0.082607135,0.13382009
15608,0.10560131,0.09168812
15609,0.049679816,0.013311301
15610,0.11508358,0.07814626
15611,0.10251569,0.1423971
15612,0.07943698,0.14149022
15613,0.03415311,0.032233026
15614,0.12538306,0.20511086
15615,0.05534382,0.023010414
15616,0.07266694,0.07136764
15617,0.03030666,0.010129501
15618,0.12470676,0.18839487
15619,0.15445688,0.24801138
15620,0.042536404,0.01728471
15621,0.1635517,0.19289859
15622,0.029989645,0.024001844
15623,0.055710148,0.06950774
15624,0.11442842,0.08865234
15625,0.072652854,0.0904277
15626,0.0447696,0.044944856
15627,0.070159,0.038258463
15628,0.060239945,0.06396649
15629,0.007080008,0.0014448757
15630,0.04092315,0.025485149
15631,0.112167045,0.14962918
15632,0.08097979,0.04136341
15633,0.0694827,0.08169696
15634,0.056823224,0.0432771
15635,0.0519271,0.07233601
15636,0.064276606,0.059800945
15637,0.052448414,0.03551474
15638,0.15714094,0.17964108
15639,0.10027545,0.15626946
15640,0.017323123,0.003881182
15641,0.09789431,0.14584021
15642,0.103551276,0.045582753
15643,0.07404067,0.097498365
15644,0.04758047,0.012473581
15645,0.06619983,0.05643469
15646,0.12856731,0.18165469
15647,0.11244179,0.05185413
15648,0.07571734,0.07620951
15649,0.034174245,0.030180994
15650,0.017330168,0.0076163393
15651,0.076513395,0.088721514
15652,0.05335719,0.06837029
15653,0.023029398,0.026222957
15654,0.15876125,0.09087346
15655,0.026664507,0.010675172
15656,0.036189053,0.0066556507
15657,0.16890574,0.060500327
15658,0.049123276,0.037881874
15659,0.12691882,0.04052569
15660,0.18437608,0.15851362
15661,0.08340319,0.13816239
15662,0.015702823,0.0031664297
15663,0.09461849,0.07798486
15664,0.12187476,0.028505553
15665,0.10864466,0.04834185
15666,0.0671227,0.094339624
15667,0.4372838,0.36005074
15668,0.10893349,0.11765746
15669,0.08640427,0.10362372
15670,0.072018825,0.11044076
15671,0.10910961,0.095546246
15672,0.062543586,0.07973716
15673,0.044833004,0.009115013
15674,0.06515016,0.04652807
15675,0.025072385,0.02522384
15676,0.036203142,0.038719594
15677,0.008834159,0.008846021
15678,0.022374233,0.017914921
15679,0.06530514,0.07975253
15680,0.053434685,0.08771472
15681,0.14612995,0.1637782
15682,0.06261404,0.084809594
15683,0.05438573,0.058394495
15684,0.09413944,0.05953964
15685,0.09829587,0.05402913
15686,0.02144432,0.019951582
15687,0.031673346,0.027383469
15688,0.038844936,0.0046727895
15689,0.03627359,0.04588249
15690,0.0072561274,0.0067325057
15691,0.046002436,0.013441955
15692,0.11813398,0.08821427
15693,0.031835377,0.05402913
15694,0.027974837,0.02452446
15695,0.018929334,0.004365369
15696,0.06190956,0.08138186
15697,0.05943684,0.075271875
15698,0.08831341,0.051892556
15699,0.05285701,0.07069131
15700,0.15020183,0.111824155
15701,0.21740907,0.3089882
15702,0.22848347,0.21378781
15703,0.04840471,0.03340122
15704,0.07883818,0.0705914
15705,0.025023071,0.011520578
15706,0.096957356,0.10135649
15707,0.061606634,0.056826655
15708,0.12555213,0.13053069
15709,0.07997943,0.080444224
15710,0.10509408,0.100703225
15711,0.07234288,0.08470968
15712,0.067897625,0.031771895
15713,0.083861105,0.09416286
15714,0.19778934,0.74195135
15715,0.06637595,0.056350153
15716,0.097203925,0.12616532
15717,0.1006136,0.088437155
15718,0.0886586,0.10621373
15719,0.1796138,0.14683934
15720,0.019908559,0.027375784
15721,0.045424767,0.043646004
15722,0.029264031,0.05341429
15723,0.008235352,0.009353264
15724,0.06960951,0.12920877
15725,0.0495671,0.024647428
15726,0.015012434,0.0028282674
15727,0.038379982,0.058686547
15728,0.058725316,0.053714022
15729,0.028404567,0.020497253
15730,0.028475016,0.021726934
15731,0.016097331,0.0017292395
15732,0.06972223,0.043830458
15733,0.03368111,0.008992045
15734,0.104798205,0.1500365
15735,0.042071447,0.04195519
15736,0.25558475,0.25512815
15737,0.06879231,0.0615763
15738,0.039429653,0.015271107
15739,0.08887699,0.08700765
15740,0.027855074,0.030465357
15741,0.060134273,0.07029935
15742,0.082860745,0.15086654
15743,0.023649339,0.04093302
15744,0.039781895,0.022357145
15745,0.101318076,0.05912462
15746,0.021141395,0.012481267
15747,0.12759513,0.17595972
15748,0.16772221,0.13667141
15749,0.102677725,0.09735234
15750,0.019809932,0.0076931943
15751,0.05743612,0.030895745
15752,0.25294295,0.26356685
15753,0.06956724,0.048972063
15754,0.028601822,0.014963686
15755,0.059796125,0.046627983
15756,0.051278982,0.061184336
15757,0.40306026,0.43137994
15758,0.09549204,0.11086347
15759,0.23722604,0.31242362
15760,0.0455093,0.028889827
15761,0.032462362,0.008730738
15762,0.04513593,0.021304231
15763,0.009404786,0.0024439918
15764,0.054343462,0.053929217
15765,0.07220199,0.05541252
15766,0.027904388,0.012266072
15767,0.027911432,0.013103792
15768,0.041803747,0.009299465
15769,0.08403722,0.07060677
15770,0.035075977,0.028551666
15771,0.015526704,0.029374015
15772,0.07479447,0.09298697
15773,0.037569832,0.022149637
15774,0.012053625,0.0014909888
15775,0.0111025795,0.0060484954
15776,0.058323763,0.111877955
15777,0.05201164,0.09407832
15778,0.0061571407,0.0024132498
15779,0.02437495,0.015463244
15780,0.123030104,0.05802559
15781,0.12257219,0.14897591
15782,0.07132139,0.045413673
15783,0.05033498,0.024724282
15784,0.0671227,0.027821543
15785,0.070144914,0.046781693
15786,0.11855666,0.17410752
15787,0.025086476,0.010329324
15788,0.061134633,0.09845906
15789,0.041261297,0.06329785
15790,0.05556221,0.040041503
15791,0.023409816,0.02105061
15792,0.18727149,0.11930984
15793,0.03273711,0.028789917
15794,0.08146588,0.14385736
15795,0.050518144,0.050732046
15796,0.038161594,0.043984167
15797,0.054244835,0.058755714
15798,0.082987554,0.037997156
15799,0.09456213,0.045859434
15800,0.052272294,0.05125466
15801,0.21163234,0.2903739
15802,0.041578315,0.041455634
15803,0.017337212,0.021027552
15804,0.012131117,0.018744957
15805,0.06230407,0.031579755
15806,0.029348569,0.046674095
15807,0.09744345,0.09174961
15808,0.09366745,0.10333167
15809,0.023177339,0.0096914265
15810,0.10466435,0.117780425
15811,0.010538996,0.0026053875
15812,0.12460814,0.13350497
15813,0.08209287,0.06744803
15814,0.10694686,0.09092726
15815,0.09153992,0.05073973
15816,0.013053984,0.002505476
15817,0.027953701,0.005333743
15818,0.07003924,0.05488222
15819,0.07361095,0.05601199
15820,0.102698855,0.1575683
15821,0.2059472,0.27270493
15822,0.051384654,0.038596626
15823,0.049933426,0.043400068
15824,0.020443963,0.0043269414
15825,0.037309173,0.04648196
15826,0.087228514,0.1420897
15827,0.091723084,0.11060216
15828,0.14813067,0.17983322
15829,0.053984176,0.017177112
15830,0.19044869,0.28242707
15831,0.026608149,0.009076586
15832,0.046516705,0.038819507
15833,0.011983177,0.01699266
15834,0.08579138,0.12611152
15835,0.041606493,0.02212658
15836,0.05308949,0.0060484954
15837,0.099733,0.07862276
15838,0.031314064,0.010529147
15839,0.112265676,0.115397915
15840,0.06562921,0.02431695
15841,0.08090229,0.04129424
15842,0.13137817,0.16435461
15843,0.08383293,0.10297813
15844,0.23382342,0.2111363
15845,0.0110321315,0.0035430195
15846,0.042367328,0.016554587
15847,0.089116514,0.05029397
15848,0.020965276,0.030695923
15849,0.07793644,0.016762095
15850,0.126003,0.14980595
15851,0.034110844,0.03932675
15852,0.06698885,0.027844599
15853,0.07816892,0.17081043
15854,0.0688064,0.15629251
15855,0.109792955,0.06664874
15856,0.009996548,0.0027283556
15857,0.053462863,0.10772009
15858,0.06357213,0.093978405
15859,0.08467125,0.0614149
15860,0.068024434,0.04416862
15861,0.020641217,0.01915229
15862,0.07392091,0.07384237
15863,0.05550585,0.08992814
15864,0.2703013,0.60977596
15865,0.017668318,0.0047189025
15866,0.030158719,0.01879107
15867,0.17224497,0.15611574
15868,0.09170195,0.21361104
15869,0.1346399,0.13398148
15870,0.11924001,0.08116666
15871,0.029531734,0.012542751
15872,0.06387506,0.060715523
15873,0.113399886,0.071352266
15874,0.02541758,0.009775967
15875,0.07065918,0.0739346
15876,0.03391359,0.013372785
15877,0.024889221,0.01721554
15878,0.026868805,0.015125082
15879,0.0124833565,0.008407947
15880,0.3703161,0.37742767
15881,0.014610881,0.013641778
15882,0.059507288,0.041424893
15883,0.084981225,0.18274604
15884,0.070898704,0.05469008
15885,0.072540134,0.026138416
15886,0.029292211,0.025162356
15887,0.16300221,0.16307113
15888,0.08963783,0.05358337
15889,0.038365893,0.052492026
15890,0.081388384,0.072159246
15891,0.021310471,0.01562464
15892,0.11913434,0.08230411
15893,0.052899282,0.07822311
15894,0.047453664,0.07946048
15895,0.01010222,0.0038888676
15896,0.07702062,0.052684166
15897,0.01608324,0.008092841
15898,0.06886276,0.09457787
15899,0.14887036,0.17209391
15900,0.17525308,0.24035661
15901,0.06549536,0.053560313
15902,0.18685584,0.20389655
15903,0.13450606,0.16524613
15904,0.07644999,0.06964608
15905,0.018661631,0.011797256
15906,0.06049356,0.04482189
15907,0.03077866,0.022818277
15908,0.06944043,0.2075856
15909,0.038189773,0.02900511
15910,0.08403722,0.08341083
15911,0.06860915,0.117011875
15912,0.03653425,0.0359067
15913,0.0615855,0.063397765
15914,0.082226716,0.06519617
15915,0.042332105,0.03198709
15916,0.0796131,0.08454829
15917,0.08195197,0.15318756
15918,0.13177973,0.11930984
15919,0.07043375,0.05169273
15920,0.057879943,0.07420359
15921,0.10141671,0.09962726
15922,0.13003261,0.08624678
15923,0.0031701527,0.0045498214
15924,0.11471726,0.12718749
15925,0.030609585,0.01848365
15926,0.2938168,0.4066864
15927,0.09417467,0.12027053
15928,0.022719428,0.0152634205
15929,0.07361095,0.061268877
15930,0.10702436,0.13366637
15931,0.122783534,0.12727971
15932,0.07342073,0.12071629
15933,0.10786973,0.075325675
15934,0.18188223,0.34602466
15935,0.109328,0.05337586
15936,0.08664379,0.044214733
15937,0.03288505,0.012673404
15938,0.12095189,0.18295354
15939,0.088722005,0.073265955
15940,0.08834159,0.07663221
15941,0.070419654,0.092725664
15942,0.07444927,0.07399608
15943,0.08930672,0.11764208
15944,0.051004235,0.01086731
15945,0.04581927,0.04531376
15946,0.019633813,0.013603351
15947,0.056428716,0.09096568
15948,0.08401609,0.07222073
15949,0.01581554,0.028751489
15950,0.051257845,0.055658456
15951,0.01365279,0.0131652765
15952,0.08543914,0.13607962
15953,0.097091205,0.06499635
15954,0.03466738,0.026899282
15955,0.11133576,0.2220113
15956,0.06870778,0.068516314
15957,0.11888777,0.18874842
15958,0.078126654,0.074111365
15959,0.06680568,0.09968874
15960,0.121776134,0.07125235
15961,0.049398024,0.05686508
15962,0.14567909,0.13475002
15963,0.052906327,0.042562347
15964,0.0375487,0.021035237
15965,0.03079275,0.023248665
15966,0.036731504,0.052369058
15967,0.04678441,0.020650962
15968,0.077147424,0.08985897
15969,0.07181452,0.028882142
15970,0.08353704,0.0678861
15971,0.18451698,0.444868
15972,0.027728269,0.007431887
15973,0.14851108,0.19246052
15974,0.059267767,0.03282481
15975,0.08030349,0.061783805
15976,0.03496326,0.038020212
15977,0.06149392,0.02642278
15978,0.05268089,0.05910925
15979,0.06832736,0.054398034
15980,0.18126933,0.26113054
15981,0.18201607,0.5864274
15982,0.06382574,0.05963955
15983,0.016837033,0.00528763
15984,0.034174245,0.024001844
15985,0.05485773,0.04507551
15986,0.05712615,0.11036391
15987,0.106038086,0.10775083
15988,0.051166262,0.025661914
15989,0.10176895,0.16405487
15990,0.022740562,0.03337048
15991,0.038485654,0.012650347
15992,0.0738082,0.05150828
15993,0.036442667,0.026991507
15994,0.051814385,0.061168965
15995,0.034794185,0.007139838
15996,0.062078632,0.109464705
15997,0.04352972,0.035468623
15998,0.19256917,0.31442186
15999,0.2703506,0.3628175
16000,0.12839118,0.18702686
16001,0.020528499,0.012465895
16002,0.16741224,0.14587095
16003,0.09653467,0.16098836
16004,0.06197296,0.04096376
16005,0.013969806,0.009368636
16006,0.07560462,0.07268954
16007,0.06135302,0.096729815
16008,0.02463561,0.008569342
16009,0.13478784,0.21156669
16010,0.021373874,0.021019867
16011,0.12750354,0.10254006
16012,0.08579842,0.112162314
16013,0.073019184,0.076071166
16014,0.034399677,0.041732315
16015,0.05177916,0.050555278
16016,0.033335917,0.036598396
16017,0.20505956,0.26528072
16018,0.088729054,0.1058064
16019,0.0147447325,0.0045190793
16020,0.044727333,0.034799986
16021,0.16871552,0.24093302
16022,0.055019762,0.058532838
16023,0.17411183,0.22924337
16024,0.06805261,0.0412635
16025,0.01840802,0.003865811
16026,0.021507725,0.0143949585
16027,0.10078268,0.025116242
16028,0.08105024,0.06976905
16029,0.071870886,0.04871844
16030,0.018450288,0.024071014
16031,0.0417333,0.06712524
16032,0.12062079,0.12190754
16033,0.07104664,0.058755714
16034,0.033864275,0.007969873
16035,0.011637983,0.007378089
16036,0.071575,0.03398532
16037,0.021747246,0.014264304
16038,0.012758103,0.007731622
16039,0.07821119,0.066510394
16040,0.0486865,0.10870384
16041,0.14630607,0.122914344
16042,0.016660914,0.011920225
16043,0.12145912,0.111839525
16044,0.026396804,0.0052492027
16045,0.08256487,0.1368866
16046,0.08427675,0.1132844
16047,0.1045939,0.10969527
16048,0.032145347,0.028567037
16049,0.17309739,0.25893247
16050,0.06384687,0.1357722
16051,0.03132111,0.032440532
16052,0.10946185,0.07777735
16053,0.096964404,0.044537526
16054,0.12782055,0.104745805
16055,0.081994236,0.0638589
16056,0.02736194,0.015186566
16057,0.013201925,0.04122507
16058,0.14392494,0.08179687
16059,0.18348843,0.36736733
16060,0.009764071,0.0028897515
16061,0.05905642,0.11928678
16062,0.0920401,0.09424739
16063,0.11282925,0.12319102
16064,0.15835264,0.13978404
16065,0.05734454,0.06322868
16066,0.040902015,0.028090535
16067,0.18860295,0.17134842
16068,0.026171371,0.020943012
16069,0.027404208,0.023025785
16070,0.01677363,0.011912539
16071,0.035392992,0.06362064
16072,0.099324405,0.18568958
16073,0.038661774,0.030449986
16074,0.074005455,0.012066249
16075,0.03878858,0.0061484072
16076,0.01877435,0.009714483
16077,0.048137005,0.05166199
16078,0.075379185,0.040979132
16079,0.026572924,0.027952196
16080,0.020141037,0.011405296
16081,0.064044125,0.044791147
16082,0.04487527,0.01750759
16083,0.04827086,0.012535065
16084,0.023909995,0.028382584
16085,0.13578115,0.25873265
16086,0.025572564,0.011605118
16087,0.07269512,0.0849633
16088,0.11175845,0.10445375
16089,0.0640864,0.011566691
16090,0.1114837,0.1681205
16091,0.090708636,0.059531953
16092,0.15796518,0.2123506
16093,0.0040577953,0.0006148407
16094,0.09700667,0.07229758
16095,0.15663372,0.2099758
16096,0.04556566,0.023748223
16097,0.04557975,0.03504592
16098,0.0872426,0.08382585
16099,0.05114513,0.050755102
16100,0.033216156,0.033470392
16101,0.06302968,0.077577524
16102,0.0630649,0.10187142
16103,0.06386097,0.046382047
16104,0.051673487,0.05068593
16105,0.04071885,0.054290436
16106,0.12094484,0.11831073
16107,0.011039176,0.0015447873
16108,0.080247134,0.01859893
16109,0.053730566,0.04489106
16110,0.05973272,0.06902356
16111,0.054160297,0.048787612
16112,0.068165325,0.053514197
16113,0.07256832,0.10091842
16114,0.20560905,0.23827383
16115,0.03366702,0.010997963
16116,0.097957715,0.06507321
16117,0.039950967,0.047634784
16118,0.036076337,0.023971103
16119,0.005121558,0.0050032665
16120,0.08729896,0.060661722
16121,0.16927911,0.22417861
16122,0.10287498,0.07952965
16123,0.009531592,0.010068017
16124,0.07058873,0.088037506
16125,0.040077776,0.020789301
16126,0.09144834,0.08939015
16127,0.05809833,0.031410675
16128,0.060317438,0.15307228
16129,0.036759682,0.03554548
16130,0.19860654,0.30170235
16131,0.07132843,0.040994506
16132,0.02799597,0.006870845
16133,0.0681935,0.1419821
16134,0.031328153,0.0095992
16135,0.023966353,0.005963955
16136,0.10129695,0.101510204
16137,0.10673552,0.12320639
16138,0.21834603,0.331745
16139,0.022564443,0.022687623
16140,0.03125066,0.04854936
16141,0.33038625,0.25279176
16142,0.03839407,0.026599547
16143,0.10474184,0.15505515
16144,0.06336079,0.07103716
16145,0.26136148,0.3588441
16146,0.13773961,0.064973295
16147,0.05176507,0.07558698
16148,0.017456975,0.014909888
16149,0.08965192,0.0999731
16150,0.0179642,0.015125082
16151,0.10670734,0.17291626
16152,0.18298121,0.21767667
16153,0.03770368,0.028636206
16154,0.14837019,0.20452677
16155,0.030933645,0.028513238
16156,0.13521758,0.07588672
16157,0.028792031,0.028313415
16158,0.18060008,0.20523383
16159,0.030546183,0.008361834
16160,0.07735877,0.068155095
16161,0.06735518,0.051377628
16162,0.033145707,0.007431887
16163,0.17262538,0.18720363
16164,0.23866318,0.33637935
16165,0.014575657,0.002705299
16166,0.07506217,0.049141143
16167,0.03873222,0.02560043
16168,0.026967432,0.01858356
16169,0.18990624,0.16473888
16170,0.13839477,0.17507589
16171,0.109187104,0.09172655
16172,0.04967277,0.10799677
16173,0.14241031,0.14388041
16174,0.024980802,0.019820927
16175,0.06568556,0.034461822
16176,0.067524254,0.03624486
16177,0.07044784,0.031818006
16178,0.009876787,0.0051108636
16179,0.042001,0.032248396
16180,0.058760542,0.0261999
16181,0.011947953,0.003927295
16182,0.12489697,0.097590595
16183,0.025720505,0.031464472
16184,0.026178416,0.01636245
16185,0.09266709,0.047665525
16186,0.07308963,0.10012681
16187,0.12820801,0.14376514
16188,0.114555225,0.088075936
16189,0.08350182,0.13749376
16190,0.03580159,0.035430197
16191,0.079000205,0.0872997
16192,0.067679234,0.05922453
16193,0.024544027,0.017945664
16194,0.053286742,0.032163855
16195,0.020049455,0.0091226995
16196,0.20188236,0.2933482
16197,0.027326716,0.022195749
16198,0.17957154,0.24298505
16199,0.053772833,0.05545863
16200,0.062536545,0.07428813
16201,0.03206081,0.015186566
16202,0.050546322,0.0888906
16203,0.15566154,0.15270337
16204,0.0154280765,0.015032856
16205,0.0076929037,0.005364485
16206,0.08465716,0.2085924
16207,0.013983896,0.009384006
16208,0.11125827,0.07348115
16209,0.060268123,0.0949852
16210,0.1381482,0.17202474
16211,0.115534455,0.12512778
16212,0.012553805,0.0049725245
16213,0.05226525,0.08946701
16214,0.08767233,0.034261998
16215,0.22414388,0.28351843
16216,0.053068355,0.030250164
16217,0.103079274,0.1247435
16218,0.04447372,0.045206163
16219,0.0823183,0.06287515
16220,0.05619624,0.03119548
16221,0.03604816,0.010283211
16222,0.16180459,0.21354955
16223,0.06161368,0.109049685
16224,0.12016992,0.06284441
16225,0.13228695,0.17461476
16226,0.0060655586,0.0050954926
16227,0.052166622,0.014525612
16228,0.027622597,0.021834532
16229,0.025121698,0.01789955
16230,0.23618342,0.30588326
16231,0.06758061,0.04266226
16232,0.10553791,0.10921108
16233,0.048841484,0.024201667
16234,0.09700667,0.1150905
16235,0.10994794,0.17737386
16236,0.013293507,0.008292664
16237,0.057083882,0.088429466
16238,0.13765508,0.12711063
16239,0.046298318,0.047388848
16240,0.04852447,0.027452638
16241,0.13483717,0.11833378
16242,0.026664507,0.009299465
16243,0.11359009,0.20777005
16244,0.076393634,0.043615263
16245,0.11907798,0.16078085
16246,0.016414346,0.008500173
16247,0.08696081,0.07780041
16248,0.06386801,0.08779925
16249,0.08388928,0.061683893
16250,0.3303299,0.3183184
16251,0.05037725,0.07158283
16252,0.075865276,0.07478769
16253,0.08034576,0.0850709
16254,0.023318235,0.024662798
16255,0.07929608,0.10300119
16256,0.1428964,0.15892863
16257,0.11460454,0.13023864
16258,0.10500955,0.18459055
16259,0.16044495,0.12269147
16260,0.040627267,0.02515467
16261,0.034892812,0.029666064
16262,0.13617566,0.23938823
16263,0.0382884,0.054459516
16264,0.01447703,0.0025900165
16265,0.12196634,0.1394843
16266,0.09442828,0.1361949
16267,0.034456037,0.0037505284
16268,0.062522456,0.0277908
16269,0.05476615,0.027406525
16270,0.034294005,0.041509435
16271,0.1809664,0.33156055
16272,0.007876068,0.011789571
16273,0.017675363,0.001298851
16274,0.18474945,0.15357184
16275,0.0438256,0.057264727
16276,0.033011857,0.023602199
16277,0.09778864,0.034730814
16278,0.06647458,0.046128426
16279,0.11522448,0.37944126
16280,0.0681935,0.06037736
16281,0.09417467,0.053199094
16282,0.05447731,0.03393921
16283,0.047101423,0.039418977
16284,0.1817061,0.30106443
16285,0.1392472,0.11390693
16286,0.078373216,0.10401568
16287,0.069517925,0.03794336
16288,0.033025946,0.021181263
16289,0.059944063,0.08311109
16290,0.08870087,0.11919456
16291,0.018253034,0.016931176
16292,0.021070948,0.012350613
16293,0.022874413,0.012696461
16294,0.19168857,0.19964647
16295,0.0886586,0.047965262
16296,0.04407921,0.01896015
16297,0.23253421,0.13391231
16298,0.023888862,0.007424202
16299,0.08655926,0.12508935
16300,0.070785984,0.021634707
16301,0.3320418,0.48852938
16302,0.05818287,0.020497253
16303,0.04263503,0.02892057
16304,0.048411753,0.025131615
16305,0.1999521,0.19441263
16306,0.054646388,0.050524537
16307,0.08740463,0.06427391
16308,0.042155985,0.035207316
16309,0.009285025,0.00041501748
16310,0.2961768,0.3820236
16311,0.037957296,0.07072974
16312,0.05450549,0.028897515
16313,0.037957296,0.024977904
16314,0.013004671,0.01788418
16315,0.10636919,0.17856511
16316,0.03843634,0.043207932
16317,0.06325512,0.08547823
16318,0.013039894,0.0018137802
16319,0.07459722,0.03504592
16320,0.034836456,0.055512432
16321,0.05189188,0.03593744
16322,0.038077056,0.039680284
16323,0.106059216,0.09294086
16324,0.06140938,0.085616566
16325,0.057703823,0.042693004
16326,0.05572424,0.0828959
16327,0.09590064,0.09025093
16328,0.02784803,0.007846905
16329,0.14754595,0.062913574
16330,0.09198374,0.08059793
16331,0.12214246,0.16363986
16332,0.045847453,0.04071014
16333,0.16226955,0.11999385
16334,0.0620575,0.04028744
16335,0.10388238,0.17383084
16336,0.059739765,0.036052722
16337,0.060387887,0.035537794
16338,0.04556566,0.010606002
16339,0.13110343,0.23821235
16340,0.026234774,0.030027283
16341,0.048221543,0.03419283
16342,0.1275458,0.08033662
16343,0.07461835,0.05753372
16344,0.01743584,0.011274641
16345,0.07321644,0.052269146
16346,0.05923254,0.09148061
16347,0.08741872,0.04824194
16348,0.033110484,0.009407063
16349,0.094970725,0.07627868
16350,0.07820414,0.08771472
16351,0.14358678,0.12556584
16352,0.03409675,0.035483994
16353,0.14866607,0.13607194
16354,0.07132139,0.10006533
16355,0.11995858,0.10131038
16356,0.06228293,0.09935057
16357,0.08051483,0.095561616
16358,0.05924663,0.041079044
16359,0.10728501,0.2604542
16360,0.14943396,0.19002421
16361,0.04309999,0.02799831
16362,0.020951187,0.008876763
16363,0.05187074,0.06646428
16364,0.029221762,0.031356875
16365,0.061825022,0.062252622
16366,0.18833524,0.27263576
16367,0.08477693,0.083218694
16368,0.21629599,0.16399339
16369,0.047672052,0.019882413
16370,0.026572924,0.027206702
16371,0.03690762,0.009437805
16372,0.03442786,0.047089115
16373,0.1453832,0.0825808
16374,0.0616489,0.09208777
16375,0.08327639,0.10134112
16376,0.037280995,0.0050186375
16377,0.1847424,0.33001575
16378,0.08938421,0.14962149
16379,0.2670607,0.38619682
16380,0.042613897,0.029927371
16381,0.19948713,0.12921646
16382,0.04379742,0.03610652
16383,0.09537228,0.06797064
